43.314 12.784 0
43.019 13.67 0
46.151 13.353 0
45.624 14.249 0
46.08 13.123 0
42.579 14.035 0
46.65 12.114 0
44.348 11.842 0
46.174 13.837 0
46.255 13.838 0
44.512 11.973 0
46.625 11.966 0
43.378 13.099 0
45.578 14.437 0
45.842 14.117 0
44.957 11.366 0
43.333 13.061 0
45.394 14.065 0
45.299 14.152 0
42.856 13.16 0
44.075 15.311 0
45.281 12.086 0
44.07 11.981 0
46.06 11.948 0
43.765 15.388 0
45.749 14.408 0
46.417 12.685 0
42.899 12.983 0
46.575 13.124 0
45.245 11.662 0
46.05 12.306 0
45.365 11.468 0
46.146 13.319 0
43.916 12.402 0
42.876 13.064 0
44.596 11.88 0
45.182 11.539 0
46.128 11.681 0
45.285 11.227 0
43.385 12.773 0
44.885 11.884 0
46.144 12.251 0
43.654 13.132 0
46.175 12.508 0
45.86 12.856 0
44.81 14.898 0
44.765 11.315 0
45.96 11.615 0
44.23 12.178 0
46.723 12.101 0
46.251 12.524 0
44.985 11.398 0
46.118 11.768 0
45.4 12.004 0
44.06 11.976 0
45.52 11.759 0
43.215 13.029 0
46.33 12.932 0
46.231 14.228 0
45.062 14.832 0
46.444 13.674 0
45.901 12.394 0
44.084 15.59 0
45.057 12.017 0
44.932 11.971 0
44.896 14.834 0
46.107 13.527 0
44.826 14.233 0
45.882 11.758 0
46.081 12.997 0
44.815 13.9 0
43.539 12.921 0
43.72 13.334 0
44.92 11.45 0
44.48 11.892 0
43.635 13.496 0
43.015 12.765 0
42.57 13.649 0
45.03 14.972 0
44.86 14.823 0
44.545 12.087 0
45.49 11.7 0
45.508 14.32 0
44.738 11.669 0
45.516 14.723 0
44.126 12.214 0
45.428 14.457 0
44.233 12.134 0
44.512 11.449 0
44.143 12.729 0
45.796 11.949 0
45.53 11.702 0
46.207 13.278 0
43.366 12.87 0
43.29 12.402 0
45.309 11.891 0
43.636 12.641 0
45.301 13.981 0
44.239 12.074 0
44.885 11.802 0
45.716 11.558 0
45.953 12.103 0
43.804 11.995 0
45.143 13.934 0
46.211 13.374 0
45.385 13.755 0
44.265 15.393 0
44.962 14.942 0
44.275 15.362 0
45.026 15.034 0
44.49 11.909 0
44.1 11.958 0
44.564 11.378 0
44.525 15.378 0
46.181 14.013 0
45.812 13.812 0
43.825 12.027 0
45.298 12.114 0
44.596 11.518 0
45.153 11.479 0
43.128 12.756 0
43.619 13.711 0
43.561 13.669 0
45.375 14.336 0
42.722 13.297 0
45.672 13.791 0
45.746 13.781 0
46.009 12.582 0
45.382 11.409 0
44.247 12.655 0
42.907 13.231 0
46.424 13.374 0
45.509 11.368 0
46.738 11.931 0
45.425 14.251 0
45.278 14.573 0
45.964 11.63 0
45.651 11.69 0
46.231 13.837 0
45.862 14.196 0
46.169 13.688 0
46.099 12.541 0
43.833 15.347 0
42.996 13.345 0
46.503 11.824 0
46.314 13.429 0
44.092 15.432 0
44.908 11.569 0
44.875 12.02 0
45.876 11.935 0
42.679 13.282 0
46.501 13.219 0
42.596 13.617 0
43.064 12.884 0
45.901 11.542 0
45.371 11.79 0
45.753 12.828 0
46.335 12.07 0
46.4 13.574 0
44.57 11.939 0
43.105 13.737 0
43.366 13.171 0
44.341 12.228 0
45.926 13.217 0
45.585 14.063 0
43.185 13.579 0
45.444 14.247 0
43.703 13.109 0
44.217 11.959 0
44.837 15.086 0
44.995 14.179 0
43.534 12.744 0
45.14 11.332 0
45.654 12.181 0
45.536 11.35 0
45.948 13.606 0
46 12.293 0
46.411 11.625 0
44.422 11.883 0
45.917 14.186 0
44.946 11.528 0
43.414 13.093 0
45.306 11.588 0
45.236 14.844 0
46.158 13.158 0
44.908 14.109 0
44.203 12.35 0
46.324 12.024 0
45.332 11.371 0
45.855 11.639 0
46.101 13.805 0
45.346 14.344 0
45.848 11.964 0
43.404 12.91 0
45.161 13.901 0
45.126 14.899 0
45.142 13.872 0
44.358 12.22 0
43.11 13.048 0
44.867 11.578 0
46.313 14.094 0
43.014 13.359 0
45.603 14.449 0
45.435 12.099 0
43.23 13.735 0
46.059 13.909 0
46.107 12.512 0
46.623 11.784 0
45.693 11.571 0
45.747 11.639 0
45.359 14.082 0
42.582 13.792 0
42.594 13.522 0
45.037 15.056 0
44.966 14.999 0
44.975 11.771 0
46.334 14.062 0
44.907 11.58 0
43.738 12.416 0
44.675 12.144 0
45.783 11.605 0
44.997 11.499 0
46.173 11.606 0
45.527 12.11 0
46.174 13.796 0
45.87 14.156 0
45.807 12.637 0
44.574 11.338 0
44.643 15.259 0
46.525 11.765 0
44.016 11.83 0
45.874 13.393 0
45.859 13.19 0
46.49 13.034 0
45.776 11.984 0
46.207 12.043 0
46.36 11.74 0
45.418 12.235 0
42.611 13.401 0
43.794 12.66 0
43.998 15.339 0
42.658 13.835 0
45.974 13.797 0
44.987 13.98 0
46.383 13.955 0
43.558 12.619 0
45.357 13.932 0
42.899 12.806 0
44.787 15.151 0
46.573 11.899 0
44.889 11.503 0
46.527 12.55 0
44.508 15.532 0
45.343 11.256 0
45.331 14.687 0
44.704 11.728 0
