0.269673	1.66405
0.279323	1.61274
0.288974	1.51167
0.298593	1.44497
0.308244	1.39788
0.317894	1.34576
0.327544	1.32245
0.337195	1.30849
0.346845	1.26849
0.356496	1.24245
0.366146	1.23477
0.375796	1.15868
0.385447	1.05017
0.395097	1.05273
0.404748	1.12852
0.414398	1.11947
0.424017	1.03722
0.433668	1.00488
0.443318	1.01954
0.452969	1.01188
0.462619	1.00647
0.472269	1.02957
0.48192	1.03634
0.49157	1.03374
0.501221	1.0625
0.510871	1.0937
0.520521	1.10449
0.530172	1.12697
0.539822	1.1885
0.549442	1.26809
0.559092	1.33289
0.568742	1.35585
0.578393	1.36331
0.588043	1.40509
0.597694	1.4791
0.607344	1.52346
0.616994	1.56213
0.626645	1.64256
0.636295	1.70116
0.645946	1.6758
0.655596	1.63823
0.665246	1.64997
0.674866	1.67752
0.684516	1.68995
0.694167	1.69218
0.703817	1.63864
0.713467	1.54786
0.723118	1.53038
0.732768	1.56894
0.742419	1.51642
0.752069	1.41394
0.761719	1.408
0.77137	1.43186
0.78102	1.3498
0.790671	1.25342
0.80029	1.24317
0.80994	1.23871
0.819591	1.20047
0.829241	1.21259
0.838892	1.23817
0.848542	1.17823
0.858192	1.1076
0.867843	1.11377
0.877493	1.11721
0.887144	1.08338
0.896794	1.09912
0.906444	1.13919
0.916095	1.10543
0.925714	1.0555
0.935364	1.04816
0.945015	1.04985
0.954665	1.05944
0.964316	1.11335
0.973966	1.11783
0.983617	1.03907
0.993267	1.02985
1.00292	1.13071
1.01257	1.16491
1.02222	1.12129
1.03187	1.17286
1.04152	1.29192
1.05114	1.32121
1.06079	1.31004
1.07044	1.35314
1.08009	1.38512
1.08974	1.4027
1.09939	1.5006
1.10904	1.60231
1.11869	1.58633
1.12834	1.56218
1.13799	1.629
1.14764	1.65058
1.15729	1.58979
1.16691	1.61043
1.17656	1.6884
1.18621	1.65214
1.19586	1.55666
1.20551	1.54904
1.21516	1.55807
1.22481	1.50701
1.23446	1.49994
1.24412	1.53379
1.25377	1.47557
1.26342	1.36552
1.27307	1.35872
1.28272	1.37686
1.29234	1.31231
1.30199	1.24038
1.31164	1.25797
1.32129	1.29383
1.33094	1.2732
1.34059	1.21282
1.35024	1.1527
1.35989	1.12768
1.36954	1.16141
1.37919	1.1965
1.38884	1.16906
1.39849	1.1322
1.40814	1.14309
1.41776	1.14442
1.42741	1.11454
1.43706	1.12223
1.44671	1.16608
1.45636	1.17136
1.46601	1.14421
1.47566	1.12185
1.48531	1.09996
1.49496	1.09836
1.50461	1.14849
1.51426	1.19554
1.52391	1.19344
1.53357	1.1975
1.54318	1.24298
1.55284	1.27528
1.56249	1.27561
1.57214	1.29756
1.58179	1.34895
1.59144	1.40605
1.60109	1.47419
1.61074	1.52031
1.62039	1.49688
1.63004	1.46415
1.63969	1.50264
1.64934	1.5682
1.65899	1.57407
1.66861	1.52999
1.67826	1.4897
1.68791	1.46142
1.69756	1.44813
1.70721	1.41548
1.71686	1.37844
1.72651	1.37158
1.73616	1.39493
1.74581	1.33555
1.75546	1.22565
1.76511	1.18802
1.77476	1.22112
1.78441	1.19517
1.79403	1.13088
1.80368	1.13791
1.81333	1.15744
1.82298	1.10674
1.83263	1.06455
1.84229	1.06966
1.85194	1.0318
1.86159	0.993144
1.87124	1.0513
1.88089	1.09702
1.89054	1.01522
1.90019	0.943746
1.90984	0.993987
1.91946	1.04338
1.92911	1.03772
1.93876	1.06382
1.94841	1.08995
1.95806	1.0452
1.96771	1.02844
1.97736	1.09274
1.98701	1.11378
1.99666	1.08919
2.00631	1.15402
2.01596	1.25208
2.02561	1.22703
2.03526	1.17453
2.04488	1.23551
2.05453	1.308
2.06418	1.30519
2.07383	1.31841
2.08348	1.3847
2.09313	1.42024
2.10278	1.4355
2.11243	1.45677
2.12208	1.44198
2.13174	1.43223
2.14139	1.50768
2.15104	1.56711
2.16069	1.49744
2.17031	1.41278
2.17996	1.42044
2.18961	1.42187
2.19926	1.38595
2.20891	1.40504
2.21856	1.42635
2.22821	1.34888
2.23786	1.28252
2.24751	1.3124
2.25716	1.30036
2.26681	1.21329
2.27646	1.21523
2.28611	1.2924
2.29573	1.277
2.30538	1.19825
2.31503	1.2017
2.32468	1.2279
2.33433	1.19906
2.34398	1.18297
2.35363	1.21115
2.36328	1.20363
2.37293	1.17817
2.38258	1.18515
2.39223	1.16416
2.40188	1.10556
2.41153	1.1265
2.42115	1.21983
2.4308	1.22699
2.44045	1.12967
2.45011	1.07896
2.45976	1.1
2.46941	1.11611
2.47906	1.11222
2.48871	1.11974
2.49836	1.12212
2.50801	1.12825
2.51766	1.12822
2.52731	1.12102
2.53696	1.11684
2.54658	1.13917
2.55623	1.17293
2.56588	1.20275
2.57553	1.24153
2.58518	1.2641
2.59483	1.26125
2.60448	1.29024
2.61413	1.36972
2.62378	1.41342
2.63343	1.41688
2.64308	1.45517
2.65273	1.50142
2.66238	1.46874
2.672	1.40939
2.68165	1.43085
2.6913	1.4962
2.70095	1.5144
2.7106	1.47961
2.72025	1.4177
2.7299	1.35844
2.73956	1.3478
2.74921	1.35982
2.75886	1.32182
2.76851	1.25598
2.77816	1.25092
2.78778	1.26204
2.79743	1.21265
2.80708	1.15237
2.81673	1.13868
2.82638	1.13152
2.83603	1.11684
2.84568	1.11699
2.85533	1.09605
2.86498	1.02877
2.87463	0.994724
2.88428	1.01028
2.89393	0.994808
2.90358	0.978371
2.9132	1.0248
2.92285	1.04095
2.9325	0.971201
2.94215	0.933185
2.9518	0.961038
2.96145	0.967349
2.9711	0.977842
2.98075	1.05283
2.9904	1.07364
3.00005	0.985509
3.0097	0.982059
3.01935	1.10138
3.02901	1.12366
3.03862	1.04346
3.04827	1.06728
3.05793	1.16645
3.06758	1.15888
3.07723	1.10396
3.08688	1.12793
3.09653	1.16138
3.10618	1.16061
3.11583	1.20202
3.12548	1.24779
3.13513	1.19576
3.14478	1.13715
3.15443	1.163
3.16405	1.16814
3.1737	1.11908
3.18335	1.13839
3.193	1.19543
3.20265	1.15405
3.2123	1.06703
3.22195	1.04948
3.2316	1.04963
3.24125	1.02343
3.2509	1.03458
3.26055	1.04608
3.2702	0.980813
3.27985	0.924476
3.28947	0.958616
3.29912	0.97955
3.30877	0.931528
3.31842	0.906456
3.32807	0.929121
3.33772	0.920749
3.34738	0.885812
3.35703	0.854988
3.36668	0.796973
3.37633	0.755753
3.38598	0.812399
3.39563	0.860712
3.40528	0.788004
3.4149	0.711742
3.42455	0.733011
3.4342	0.740181
3.44385	0.66698
3.4535	0.669559
3.46315	0.74668
3.4728	0.770482
3.48245	0.722376
3.4921	0.721493
3.50175	0.769191
3.5114	0.805442
3.52105	0.852039
3.5307	0.919278
3.54032	0.946233
3.54997	0.949937
3.55962	1.00552
3.56927	1.07466
3.57892	1.11135
3.58857	1.13953
3.59822	1.19766
3.60787	1.27224
3.61752	1.32777
3.62717	1.3334
3.63683	1.30103
3.64648	1.30005
3.65613	1.36063
3.66575	1.42535
3.6754	1.44617
3.68505	1.4441
3.6947	1.43802
3.70435	1.43698
3.714	1.46114
3.72365	1.48254
3.7333	1.48736
3.74295	1.5021
3.7526	1.55145
3.76225	1.54795
3.7719	1.48856
3.78155	1.49978
3.79117	1.59702
3.80082	1.6287
3.81047	1.5829
3.82012	1.58986
3.82977	1.63503
3.83942	1.61827
3.84907	1.57949
3.85872	1.5847
3.86837	1.59102
3.87802	1.59086
3.88767	1.62593
3.89732	1.63555
3.90697	1.55573
3.91659	1.4814
3.92624	1.48473
3.93589	1.49786
3.94555	1.47684
3.9552	1.45816
3.96485	1.41863
3.9745	1.34759
3.98415	1.3317
3.9938	1.35287
4.00345	1.31735
4.0131	1.27861
4.02275	1.32487
4.0324	1.34357
4.04202	1.26003
4.05167	1.22393
4.06132	1.29834
4.07097	1.34066
4.08062	1.32431
4.09027	1.35879
4.09992	1.40779
4.10957	1.39359
4.11922	1.3875
4.12887	1.41059
4.13852	1.36918
4.14817	1.3279
4.15782	1.40321
4.16744	1.45624
4.17709	1.34433
4.18674	1.23547
4.19639	1.26444
4.20604	1.27092
4.21569	1.19068
4.22534	1.16969
4.235	1.17793
4.24465	1.08859
4.2543	0.99722
4.26003	1.0013
4.26392	1.01917
4.27357	1.02948
4.28322	0.961768
4.29287	0.955063
4.30253	1.01208
4.31218	0.987953
4.32183	0.899898
4.33148	0.897284
4.34113	0.926349
4.35078	0.924076
4.36043	0.92326
4.37008	0.948865
4.3797	0.956453
4.38935	0.965355
4.399	0.98127
4.40865	0.952447
4.4183	0.918719
4.42795	0.98168
4.4376	1.07504
4.44725	1.0621
4.4569	1.00279
4.46655	1.01874
4.4762	1.07786
4.48585	1.12211
4.4955	1.17232
4.50512	1.2174
4.51477	1.22429
4.52442	1.24441
4.53407	1.30096
4.54372	1.33323
4.55337	1.34891
4.56302	1.42701
4.57267	1.53028
4.58232	1.57252
4.59198	1.58844
4.60163	1.63557
4.61128	1.66993
4.62093	1.6794
4.63055	1.72012
4.6402	1.7742
4.64985	1.78319
4.6595	1.77898
4.66915	1.79131
4.6788	1.77044
4.68845	1.71018
4.6981	1.68663
4.70775	1.72009
4.7174	1.72029
4.72705	1.6323
4.7367	1.51262
4.74635	1.44953
4.75597	1.46132
4.76562	1.4538
4.77527	1.38445
4.78492	1.32174
4.79457	1.32338
4.80422	1.29695
4.81387	1.21752
4.82352	1.1673
4.83317	1.17434
4.84282	1.16766
4.85247	1.15126
4.86212	1.1692
4.87177	1.16073
4.88139	1.10211
4.89104	1.09031
4.90069	1.12959
4.91035	1.11378
4.92	1.08174
4.92965	1.11814
4.9393	1.13789
4.94895	1.06507
4.9586	1.01901
4.96825	1.06447
4.9779	1.09855
4.98755	1.10057
4.9972	1.12935
5.00682	1.12152
5.01647	1.04252
5.02612	1.03528
5.03577	1.13033
5.04542	1.16204
5.05507	1.11474
5.06472	1.1447
5.07437	1.23509
5.08402	1.2536
5.09367	1.23135
5.10332	1.25996
5.11297	1.3049
5.12259	1.35273
5.13224	1.42471
5.14189	1.46409
5.15154	1.44225
5.16119	1.46726
5.17084	1.54874
5.18049	1.56435
5.19014	1.55745
5.1998	1.63587
5.20945	1.69506
5.2191	1.62842
5.22875	1.56899
5.2384	1.6028
5.24802	1.61283
5.25767	1.58823
5.26001	1.59047
5.26733	1.62334
5.27698	1.63567
5.28663	1.52749
5.29628	1.45191
5.30593	1.49802
5.31558	1.49529
5.32523	1.39535
5.33488	1.36539
5.3445	1.40592
5.35415	1.37813
5.3638	1.31531
5.37345	1.30323
5.3831	1.27929
5.39275	1.23654
5.4024	1.26901
5.41205	1.31242
5.4217	1.23999
5.43135	1.15413
5.441	1.17842
5.45065	1.21416
5.4603	1.16612
5.46992	1.15761
5.47957	1.22504
5.48922	1.24067
5.49887	1.16429
5.50852	1.11954
5.51817	1.13739
5.52782	1.16975
5.53747	1.20135
5.54713	1.21624
5.55678	1.1967
5.56643	1.19437
5.57608	1.22487
5.58573	1.24224
5.59535	1.23607
5.605	1.24718
5.61465	1.26821
5.6243	1.27903
5.63395	1.29618
5.6436	1.30075
5.65325	1.26154
5.6629	1.24712
5.67255	1.31762
5.6822	1.384
5.69185	1.35938
5.7015	1.31176
5.71115	1.31094
5.72077	1.31595
5.73042	1.30653
5.74007	1.31959
5.74972	1.35061
5.75937	1.36613
5.76902	1.36951
5.77867	1.34243
5.78832	1.3005
5.79797	1.30625
5.80762	1.36401
5.81727	1.38605
5.82692	1.35134
5.83654	1.33805
5.84619	1.36899
5.85584	1.3894
5.8655	1.38841
5.87515	1.38433
5.8848	1.39146
5.89445	1.42611
5.9041	1.46458
5.91375	1.44284
5.9234	1.37162
5.93305	1.36033
5.9427	1.40687
5.95235	1.42564
5.96197	1.42911
5.97162	1.45302
5.98127	1.42065
5.99092	1.34823
6.00057	1.35756
6.01022	1.40983
6.01987	1.38042
6.02952	1.34484
6.03917	1.40388
6.04882	1.43259
6.05847	1.34019
6.06812	1.30651
6.07777	1.39305
6.08739	1.42365
6.09704	1.35984
6.10669	1.34769
6.11634	1.37487
6.12599	1.34288
6.13564	1.3093
6.14529	1.31794
6.15495	1.29285
6.1646	1.26653
6.17425	1.32414
6.1839	1.35246
6.19355	1.24711
6.2032	1.15843
6.21282	1.19476
6.22247	1.22719
6.23212	1.1975
6.24177	1.20006
6.25142	1.20857
6.26107	1.15085
6.27072	1.10735
6.28037	1.13297
6.29002	1.12881
6.29967	1.08599
6.30932	1.10235
6.31897	1.12855
6.32862	1.07824
6.33824	1.04103
6.34789	1.08526
6.35754	1.12004
6.36719	1.12729
6.37684	1.17236
6.38649	1.20638
6.39614	1.18847
6.40579	1.20643
6.41544	1.2692
6.42509	1.25549
6.43474	1.22609
6.4444	1.32767
6.45405	1.4451
6.46367	1.39446
6.47332	1.29723
6.48297	1.32222
6.49262	1.37595
6.50227	1.3505
6.51192	1.33807
6.52157	1.35085
6.53122	1.31289
6.54087	1.25695
6.55052	1.26051
6.56017	1.26278
6.56982	1.22147
6.57947	1.21305
6.58909	1.23976
6.59874	1.20904
6.60839	1.13743
6.61804	1.11802
6.62769	1.11906
6.63734	1.10496
6.64699	1.0961
6.65664	1.10173
6.66629	1.09041
6.67594	1.06471
6.68559	1.03878
6.69524	0.997242
6.70489	0.959659
6.71451	0.965553
6.72416	1.00754
6.73381	1.01378
6.74346	0.968348
6.75312	0.897007
6.76277	0.869596
6.77242	0.910871
6.78207	0.936846
6.79172	0.882249
6.80137	0.807489
6.81102	0.805009
6.82067	0.810222
6.83032	0.746886
6.83994	0.695727
6.84959	0.724332
6.85924	0.754674
6.86889	0.728875
6.87854	0.700937
6.88819	0.69488
6.89784	0.675567
6.90749	0.674973
6.91714	0.712463
6.92679	0.74721
6.93644	0.775965
6.94609	0.830104
6.95574	0.869439
6.96536	0.859627
6.97501	0.87155
6.98466	0.931041
6.99431	0.998994
7.00396	1.04739
7.01361	1.08805
7.02326	1.07484
7.03291	1.04315
7.04257	1.10427
7.05222	1.20961
7.06187	1.2204
7.07152	1.18783
7.08117	1.22694
7.09079	1.26758
7.10044	1.23884
7.11009	1.2231
7.11974	1.25386
7.12939	1.26161
7.13904	1.27431
7.14869	1.33086
7.15834	1.32076
7.16799	1.23581
7.17764	1.22586
7.18729	1.28867
7.19694	1.25474
7.20659	1.19689
7.21621	1.25438
7.22586	1.30887
7.23551	1.22039
7.24516	1.1504
7.25481	1.21243
7.26446	1.25486
7.27411	1.22681
7.28376	1.24455
7.29341	1.2594
7.30306	1.1817
7.31271	1.14008
7.32236	1.2177
7.33202	1.25718
7.34163	1.20654
7.35128	1.20187
7.36094	1.25333
7.37059	1.2484
7.38024	1.21014
7.38989	1.20984
7.39954	1.20864
7.40919	1.21716
7.41884	1.2858
7.42849	1.33218
7.43814	1.28909
7.44779	1.27458
7.45741	1.35044
7.46706	1.39428
7.47671	1.38158
7.48636	1.43431
7.49601	1.51944
7.50566	1.52284
7.51531	1.49443
7.52496	1.52215
7.53461	1.56923
7.54426	1.61512
7.55391	1.68011
7.56356	1.69554
7.57321	1.62839
7.58283	1.59788
7.59248	1.64467
7.60213	1.6434
7.61178	1.57847
7.62143	1.56975
7.63108	1.60123
7.64073	1.56878
7.65039	1.50966
7.66004	1.48682
7.66969	1.44495
7.67934	1.38057
7.68899	1.38571
7.69864	1.4207
7.70826	1.37074
7.71791	1.276
7.72756	1.24768
7.73721	1.26212
7.74686	1.24419
7.75651	1.19843
7.76616	1.18723
7.77581	1.17901
7.78546	1.12696
7.79511	1.02839
7.80476	0.96246
7.81441	0.968994
7.82406	0.994311
7.83368	0.957342
7.84333	0.883483
7.85298	0.844838
7.86263	0.82729
7.87228	0.793552
7.88193	0.75716
7.89158	0.732202
7.90123	0.708939
7.91088	0.70953
7.92053	0.736719
7.93018	0.710895
7.93984	0.640635
7.94949	0.651088
7.9591	0.725872
7.96876	0.752737
7.97841	0.747111
7.98806	0.776032
7.99771	0.798948
8.00736	0.793403
8.01701	0.849558
8.02666	0.965511
8.03631	1.03264
8.04596	1.07021
8.05561	1.16014
8.06526	1.23096
8.07491	1.22235
8.08453	1.25574
8.09418	1.38001
8.10383	1.4652
8.11348	1.47344
8.12313	1.49223
8.13278	1.53663
8.14243	1.56118
8.15208	1.58305
8.16173	1.5862
8.17138	1.5562
8.18103	1.56583
8.19068	1.63526
8.20033	1.62676
8.20995	1.52158
8.2196	1.48814
8.22925	1.55521
8.2389	1.56586
8.24855	1.53053
8.25821	1.54107
8.26786	1.52091
8.27751	1.42194
8.28716	1.38195
8.29681	1.42002
8.30646	1.39217
8.31611	1.32969
8.32576	1.35321
8.33538	1.36371
8.34503	1.25892
8.35468	1.19176
8.36433	1.23526
8.37398	1.23416
8.38363	1.16539
8.39328	1.15839
8.40293	1.1721
8.41258	1.11516
8.42223	1.08062
8.43188	1.11141
8.44153	1.08369
8.45118	1.01689
8.4608	1.06458
8.47045	1.13524
8.4801	1.05802
8.48975	0.947718
8.4994	0.979171
8.50905	1.06707
8.5187	1.08831
8.52835	1.09959
8.538	1.13625
8.54766	1.15146
8.55731	1.16005
8.56696	1.20338
8.57661	1.24364
8.58623	1.27262
8.59588	1.3402
8.60553	1.39808
8.61518	1.39115
8.62483	1.38852
8.63448	1.4318
8.64413	1.45489
8.65378	1.45042
8.66343	1.46851
8.67308	1.4747
8.68273	1.43298
8.69238	1.40858
8.70203	1.41563
8.71165	1.38092
8.7213	1.33163
8.73095	1.36306
8.7406	1.41783
8.75025	1.37872
8.7599	1.28261
8.76955	1.23115
8.7792	1.2235
8.78885	1.23106
8.7985	1.23922
8.80815	1.20947
8.8178	1.14716
8.82745	1.12347
8.83707	1.13178
8.84672	1.10434
8.85638	1.05706
8.86603	1.06489
8.87568	1.10294
8.88533	1.10014
8.89498	1.05988
8.90463	1.0547
8.91428	1.08373
8.92393	1.1318
8.93358	1.15177
8.94323	1.16445
8.95288	1.20179
8.9625	1.24633
8.97215	1.23931
8.9818	1.20494
8.99145	1.23555
9.0011	1.30556
9.01075	1.34866
9.0204	1.38406
9.03005	1.43126
9.0397	1.4084
9.04935	1.36698
9.059	1.43886
9.06865	1.55539
9.07827	1.55788
9.08792	1.51771
9.09757	1.57317
9.10722	1.64331
9.11687	1.62731
9.12652	1.62028
9.13617	1.67406
9.14583	1.69887
9.15548	1.69134
9.16513	1.70534
9.17478	1.68452
9.18443	1.6114
9.19408	1.60321
9.2037	1.65589
9.21335	1.63449
9.223	1.58366
9.23265	1.618
9.2423	1.6398
9.25195	1.54744
9.2616	1.46942
9.27125	1.49518
9.2809	1.51718
9.29055	1.49151
9.3002	1.47321
9.30985	1.42436
9.3195	1.32917
9.32912	1.29624
9.33877	1.32518
9.34842	1.28531
9.35807	1.1951
9.36772	1.16494
9.37737	1.14464
9.38702	1.07345
9.39667	1.03444
9.40632	1.03966
9.41597	1.00417
9.42562	0.986266
9.43528	1.05541
9.44493	1.06519
9.45454	0.966823
9.4642	0.941218
9.47385	1.03222
9.4835	1.05618
9.49315	1.01848
9.5028	1.08644
9.51245	1.1875
9.5221	1.17348
9.53175	1.13202
9.5414	1.19677
9.55105	1.28377
9.5607	1.33293
9.57035	1.40702
9.57997	1.46737
9.58962	1.45797
9.59927	1.48567
9.60892	1.61369
9.61857	1.70568
9.62822	1.71058
9.63787	1.74998
9.64752	1.8346
9.65717	1.8581
9.66682	1.83788
9.67647	1.84977
9.68612	1.86119
9.69577	1.86186
9.70539	1.89323
9.71504	1.92339
9.72469	1.88292
9.73434	1.81272
9.74399	1.78685
9.75365	1.7832
9.7633	1.76415
9.77295	1.74035
9.7826	1.72352
9.79225	1.69305
9.8019	1.65617
9.81155	1.59436
9.8212	1.53428
9.83082	1.53327
9.84047	1.56459
9.85012	1.51073
9.85977	1.38082
9.86942	1.31016
9.87907	1.311
9.88872	1.27525
9.89837	1.19918
9.90802	1.15954
9.91767	1.15072
9.92732	1.12667
9.93697	1.07938
9.94662	1.02325
9.95624	0.960319
9.96589	0.937759
9.97554	0.96217
9.98519	0.980504
9.99484	0.9612
10.0045	0.937835
10.0141	0.920085
10.0238	0.91146
10.0334	0.936471
10.0431	0.964616
10.0527	0.968376
10.0624	0.967572
10.072	0.987819
10.0817	0.970344
10.0913	0.934822
10.101	0.974652
10.1106	1.05838
10.1203	1.0804
10.1299	1.06484
10.1396	1.06838
10.1492	1.06929
10.1589	1.06783
10.1685	1.10715
10.1782	1.13414
10.1878	1.10863
10.1975	1.13376
10.2071	1.24037
10.2167	1.24636
10.2264	1.14401
10.236	1.14168
10.2457	1.25393
10.2553	1.27379
10.265	1.22791
10.2746	1.24976
10.2843	1.27157
10.2939	1.21119
10.3036	1.19501
10.3132	1.26493
10.3229	1.27605
10.3325	1.22829
10.3422	1.23619
10.3518	1.23663
10.3615	1.15115
10.3711	1.10462
10.3808	1.15495
10.3904	1.16386
10.4001	1.1089
10.4097	1.08529
10.4194	1.07033
10.429	1.01061
10.4387	0.975789
10.4483	0.9708
10.4579	0.909391
10.4676	0.852139
10.4772	0.89489
10.4869	0.916807
10.4965	0.814548
10.5062	0.733126
10.5158	0.772342
10.5255	0.815176
10.5351	0.802979
10.5448	0.804631
10.5544	0.795684
10.5641	0.744877
10.5737	0.747352
10.5834	0.803525
10.593	0.810406
10.6027	0.80194
10.6123	0.8705
10.622	0.910913
10.6316	0.839705
10.6413	0.810442
10.6509	0.886947
10.6606	0.925068
10.6702	0.899669
10.6799	0.937007
10.6895	1.0071
10.6991	1.0066
10.7088	1.00647
10.7184	1.07149
10.7281	1.11277
10.7377	1.10407
10.7474	1.16996
10.757	1.27266
10.7667	1.28317
10.7763	1.2296
10.786	1.24423
10.7956	1.32644
10.8053	1.40225
10.8149	1.4289
10.8246	1.42353
10.8342	1.40867
10.8439	1.41793
10.8535	1.43749
10.8632	1.43846
10.8728	1.44353
10.8825	1.4866
10.8921	1.52469
10.9018	1.51906
10.9114	1.49468
10.9211	1.48979
10.9307	1.49988
10.9404	1.52222
10.95	1.5259
10.9596	1.5007
10.9693	1.488
10.9789	1.50971
10.9886	1.49334
10.9982	1.43122
