0.399993	1.09316
0.400636	1.09871
0.401279	1.10413
0.401922	1.10935
0.402565	1.1143
0.403209	1.11895
0.438589	1.01135
0.480371	1.03654
0.53505	1.15421
0.580079	1.36639
0.631542	1.68177
0.689438	1.69433
0.730576	1.56421
0.785898	1.29238
0.830284	1.2171
0.882391	1.09956
0.940286	1.05036
0.980138	1.06918
1.03675	1.23681
1.08049	1.38545
1.13324	1.58978
1.1802	1.6921
1.23034	1.49192
1.28759	1.35418
1.33005	1.27773
1.38409	1.19009
1.4304	1.11
1.48055	1.1112
1.53844	1.21739
1.58026	1.3402
1.63494	1.4742
1.68061	1.48159
1.7314	1.38691
1.78929	1.1591
1.83046	1.06817
1.88578	1.06775
1.93017	1.03791
1.98224	1.11524
2.04014	1.19329
2.08002	1.36049
2.13663	1.46166
2.18037	1.4216
2.23309	1.30277
2.28005	1.24461
2.33023	1.2162
2.38748	1.18244
2.43058	1.22844
2.48394	1.11663
2.53026	1.11732
2.58043	1.257
2.63833	1.42986
2.68014	1.42172
2.73479	1.34587
2.78046	1.25637
2.83128	1.12263
2.88918	1.00803
2.93035	0.98964
2.98564	1.08143
3.03002	1.11639
3.08213	1.10738
3.14002	1.15638
3.18055	1.12256
3.23649	1.036
3.28023	0.924255
3.33298	0.931357
3.38058	0.770148
3.43011	0.749315
3.48733	0.711927
3.53043	0.917809
3.58383	1.12349
3.63014	1.3254
3.68032	1.44624
3.73818	1.49022
3.78064	1.49338
3.83467	1.63548
3.88035	1.59614
3.93117	1.49607
3.98903	1.34568
4.0302	1.35002
4.08552	1.33307
4.13055	1.40932
4.18201	1.27277
4.23988	1.14522
4.2804	0.982506
4.33637	0.915262
4.38011	0.956474
4.43286	1.03669
4.48043	1.09908
4.53061	1.27965
4.58722	1.5781
4.63032	1.71871
4.68371	1.74143
4.73064	1.58529
4.78017	1.345
4.83807	1.17548
4.88052	1.10719
4.93456	1.13956
4.9802	1.09926
5.03102	1.07999
5.08891	1.23943
5.13008	1.40853
5.18541	1.55382
5.2304	1.56997
5.28187	1.59108
5.33976	1.38724
5.38029	1.29146
5.43622	1.15465
5.48061	1.23129
5.53272	1.18569
5.58032	1.23736
5.63049	1.28897
5.68707	1.38178
5.73017	1.30669
5.78356	1.31959
5.83052	1.34013
5.88006	1.38587
5.93792	1.38347
5.98038	1.42698
6.03441	1.36503
6.08008	1.41211
6.1309	1.3193
6.18877	1.31127
6.23058	1.20223
6.28526	1.14027
6.33029	1.06682
6.38175	1.19679
6.43962	1.26103
6.48014	1.3038
6.53611	1.28
6.58049	1.21585
6.6326	1.11326
6.6802	1.0539
6.73035	1.01704
6.78696	0.917739
6.83006	0.749024
6.88345	0.697929
6.93041	0.756026
6.98055	0.901387
7.0378	1.05959
7.08026	1.22102
7.1343	1.26134
7.18061	1.24631
7.23076	1.27725
7.28865	1.26182
7.33047	1.25892
7.38514	1.20588
7.43017	1.32982
7.48161	1.39642
7.5395	1.59021
7.58003	1.59624
7.63599	1.59442
7.68038	1.37659
7.73245	1.254
7.78006	1.16534
7.83023	0.978827
7.88684	0.743938
7.93058	0.708248
7.9833	0.75735
8.03026	0.999426
8.08044	1.22773
8.13769	1.55138
8.13833	1.55284
8.13898	1.55423
8.13962	1.55556
8.14026	1.55687
8.14091	1.55815
8.14155	1.55942
8.14219	1.5607
8.14284	1.56199
8.14348	1.56332
8.14412	1.56467
8.14476	1.56607
8.14541	1.5675
8.14605	1.56896
8.14669	1.57047
8.15699	1.5896
8.15763	1.58977
8.18015	1.5612
8.23415	1.57282
8.28047	1.39701
8.33064	1.37234
8.38852	1.15109
8.43033	1.10693
8.48501	0.98947
8.53004	1.10597
8.5815	1.25552
8.63936	1.44967
8.68053	1.44408
8.73586	1.39769
8.78024	1.22382
8.83235	1.12827
8.89021	1.07939
8.93009	1.1474
8.9867	1.20948
9.03045	1.43213
9.0832	1.53066
9.13012	1.63702
9.14106	1.69445
9.1417	1.69591
9.14235	1.69709
9.14299	1.69797
9.14363	1.69858
9.14428	1.69894
9.14492	1.69906
9.14556	1.69896
9.14621	1.69868
9.14685	1.69824
9.14749	1.69767
9.14813	1.697
9.14878	1.69626
9.14942	1.69548
9.15006	1.6947
9.16036	1.69697
9.1803	1.64255
9.23755	1.64211
9.28001	1.51786
9.33404	1.31163
9.38033	1.12641
9.4305	1.0158
9.4884	1.03123
9.53021	1.13223
9.58489	1.46787
9.63053	1.71263
9.68135	1.85834
9.73925	1.79324
9.78042	1.72849
9.83574	1.55284
9.88009	1.31042
9.9322	1.10426
9.9901	0.973344
10.0306	0.926801
10.0866	0.948094
10.1303	1.06464
10.183	1.12329
10.23	1.12233
10.2802	1.27222
10.3374	1.22436
10.3805	1.15349
10.4339	0.985221
10.4802	0.913198
10.5304	0.811848
10.5883	0.815964
10.6301	0.853528
10.6848	0.977184
10.7304	1.11178
10.7812	1.22494
10.8391	1.4105
10.8803	1.47478
10.9356	1.51079
10.9806	1.51173
