0.529993	1.57957
0.530636	1.57706
0.531279	1.57455
0.531922	1.57208
0.532565	1.56966
0.533209	1.56732
0.568589	1.61241
0.610371	1.48043
0.66505	1.28308
0.710079	1.16525
0.761542	0.919154
0.819438	0.92576
0.860576	0.940917
0.915898	1.05009
0.960284	1.11343
1.01239	1.50692
1.07029	1.52435
1.11014	1.45257
1.16675	1.14904
1.21049	1.17144
1.26324	1.08707
1.3102	0.974847
1.36034	0.939166
1.41759	1.05963
1.46005	1.17083
1.51409	1.35519
1.5604	1.3981
1.61055	1.27684
1.66844	1.22987
1.71026	1.18572
1.76494	1.02696
1.81061	1.05014
1.8614	1.13526
1.91929	1.24165
1.96046	1.32854
2.01578	1.38446
2.06017	1.44836
2.11224	1.26739
2.17014	1.18877
2.21002	1.14706
2.26663	1.20172
2.31037	1.02695
2.36309	1.12292
2.41005	1.12083
2.46023	1.15482
2.51748	1.29006
2.56058	1.46682
2.61394	1.3471
2.66026	1.25419
2.71043	1.06595
2.76833	1.0005
2.81014	0.858998
2.86479	0.966235
2.91046	0.898181
2.96128	1.09257
3.01918	1.12961
3.06035	1.19129
3.11564	0.982041
3.16002	0.96354
3.21213	0.989584
3.27002	0.876341
3.31055	0.720583
3.36649	0.674863
3.41023	0.82024
3.46298	0.974607
3.51058	1.17876
3.56011	1.37331
3.61733	1.40896
3.66043	1.43717
3.71383	1.6126
3.76014	1.64793
3.81032	1.6082
3.86818	1.50429
3.91064	1.48665
3.96467	1.36301
4.01035	1.48528
4.06117	1.33332
4.11903	1.31608
4.1602	1.08666
4.21552	1.00477
4.26055	0.904108
4.31201	1.00122
4.36988	1.02482
4.4104	1.16199
4.46637	1.28863
4.51011	1.57379
4.56286	1.77668
4.61043	1.73392
4.66061	1.40225
4.71722	1.34337
4.76032	1.16216
4.81371	1.14917
4.86064	1.06742
4.91017	1.10913
4.96807	1.16713
5.01052	1.27817
5.06456	1.36272
5.1102	1.44663
5.16102	1.57071
5.21891	1.47767
5.26008	1.44552
5.31541	1.26857
5.3604	1.22795
5.41187	1.19523
5.46976	1.19172
5.51029	1.21021
5.56622	1.28072
5.61061	1.25288
5.66272	1.27073
5.71032	1.29867
5.76049	1.38376
5.81707	1.36019
5.86017	1.53152
5.91356	1.47946
5.96052	1.50826
6.01006	1.38115
6.06792	1.47811
6.11038	1.36767
6.16441	1.29541
6.21008	1.14085
6.2609	1.14983
6.31877	1.25927
6.36058	1.36583
6.41526	1.4987
6.46029	1.58944
6.51175	1.44612
6.56962	1.23881
6.61014	1.08632
6.66611	0.976504
6.71049	0.875406
6.7626	0.842943
6.8102	0.69577
6.86035	0.761279
6.91696	0.966414
6.96006	1.04945
7.01345	1.21019
7.06041	1.14527
7.11055	1.08093
7.1678	0.929564
7.21026	0.936845
7.2643	0.82272
7.31061	0.81756
7.36076	0.894343
7.41865	1.32913
7.46047	1.56396
7.51514	1.72391
7.56017	1.68878
7.61161	1.63429
7.6695	1.33848
7.71003	1.28975
7.76599	0.98113
7.81038	0.908866
7.86245	0.763628
7.91006	0.880302
7.96023	0.856194
8.01684	1.22396
8.06058	1.35405
8.1133	1.37903
8.16026	1.30932
8.21044	1.30144
8.26769	1.29483
8.26833	1.29502
8.26898	1.29474
8.26962	1.29399
8.27026	1.29274
8.27091	1.29098
8.27155	1.28869
8.27219	1.28586
8.27284	1.2825
8.27348	1.2786
8.27412	1.27417
8.27476	1.26923
8.27541	1.26378
8.27605	1.25785
8.27669	1.25147
8.28699	1.12382
8.28763	1.11706
8.31015	1.19275
8.36415	1.08435
8.41047	1.15078
8.46064	1.15056
8.51852	1.17688
8.56033	1.24973
8.61501	1.33833
8.66004	1.24651
8.7115	1.17998
8.76936	1.03735
8.81053	0.845442
8.86586	0.819236
8.91024	0.854048
8.96235	1.14424
9.02021	1.28637
9.06009	1.48747
9.1167	1.3921
9.16045	1.44907
9.2132	1.38527
9.26012	1.2739
9.27106	1.24876
9.2717	1.24942
9.27235	1.25017
9.27299	1.25096
9.27363	1.25177
9.27428	1.25254
9.27492	1.25323
9.27556	1.2538
9.27621	1.25421
9.27685	1.25439
9.27749	1.25432
9.27813	1.25395
9.27878	1.25324
9.27942	1.25215
9.28006	1.25065
9.29036	1.16004
9.3103	0.999387
9.36755	0.916049
9.41001	0.861231
9.46404	0.948533
9.51033	0.925854
9.5605	1.21955
9.6184	1.44403
9.66021	1.65732
9.71489	1.65558
9.76053	1.83428
9.81135	1.64138
9.86925	1.56346
9.91042	1.46045
9.96574	1.44999
10.0101	1.42386
10.0622	1.46909
10.1201	1.46298
10.1606	1.54579
10.2166	1.65205
10.2603	1.61845
10.313	1.48418
10.36	1.38536
10.4102	1.30953
10.4674	1.33848
10.5105	1.25348
10.5639	1.12866
10.6102	1.07619
10.6604	0.924773
10.7183	1.11066
10.7601	1.12414
10.8148	1.04005
10.8604	0.827363
10.9112	1.14534
10.9691	1.2812
