-2.40287874528034E+01    9.99999964492003E-01
-2.38287874528034E+01    9.99970554050698E-01
-2.36287874528034E+01    9.95431346393617E-01
-2.34287874528034E+01    9.81183582246772E-01
-2.33287874528034E+01    8.92616935585017E-01
-2.32287874528034E+01    6.62801470760105E-01
-2.31287874528034E+01    5.82105163021506E-01
-2.29287874528034E+01    3.94587648752578E-01
-2.28287874528034E+01    2.36010306936399E-01
-2.27287874528034E+01    7.97706025659078E-02
-2.26287874528034E+01    2.83823423071825E-02
-2.25287874528034E+01    1.17033283649901E-02
-2.24287874528034E+01    6.13051201255377E-03
-2.23287874528034E+01    4.36564156611641E-03
-2.22287874528034E+01    1.41714715010754E-03
-2.21287874528034E+01    9.87587138914670E-04
-2.20287874528034E+01    3.90840343642673E-04
-2.19287874528034E+01    2.53157850837904E-04
-2.18287874528034E+01    1.44960126493010E-04
