-1.00000000000000E+01   1.00000000000000E-20
-9.97500000000000E+00   3.05900656780711E-05
-8.97500000000000E+00   8.04089851863088E-04
-7.97500000000000E+00   1.55192507088553E-03
-6.97500000000000E+00   3.70315321582926E-03
-5.97500000000000E+00   9.03361448106588E-03
-4.97500000000000E+00   1.79695788809023E-02
-3.97500000000000E+00   3.85342238302148E-02
-2.97500000000000E+00   7.47558300155731E-02
-1.97500000000000E+00   1.36171803542539E-01
-9.75000000000000E-01   2.36478947589097E-01
-8.75000000000000E-01   2.52695424757559E-01
-7.75000000000000E-01   2.61654738990252E-01
-6.74999999999999E-01   2.76717377557723E-01
-5.74999999999999E-01   2.90778070288313E-01
-4.75000000000000E-01   3.03319483091656E-01
-3.75000000000000E-01   3.20516924100259E-01
-2.74999999999999E-01   3.33427674565705E-01
-1.74999999999999E-01   3.48340316343182E-01
-7.49999999999993E-02   3.63596017218912E-01
0.00000000000000E+00    3.78305995200856E-01
7.49999999999993E-02    3.91036629651437E-01
1.74999999999999E-01    4.03940426058746E-01
2.74999999999999E-01    4.21088436368919E-01
3.75000000000000E-01    4.40595982646454E-01
4.75000000000000E-01    4.56217942538789E-01
5.74999999999999E-01    4.76367754563638E-01
6.74999999999999E-01    4.92009701051057E-01
7.75000000000000E-01    5.10283115281161E-01
8.75000000000000E-01    5.29197351474389E-01
9.75000000000000E-01    5.48323967149422E-01
1.37500000000000E+00    6.22030163019024E-01
1.77500000000000E+00    6.95747642951150E-01
1.97500000000000E+00    7.30543822395991E-01
2.97500000000000E+00    8.80533200853082E-01
3.97500000000000E+00    9.66813198629398E-01
4.97500000000000E+00    9.95212468617619E-01
5.42500000000000E+00    9.98684746095384E-01
5.42500000000000E+02    9.99999999999999E-01
