 5.00134770889488e+000    1.00000000000000e+000
 5.39892183288410e+000    5.76405635790883e-001
 5.60107816711590e+000    3.09205403018096e-001
 5.80323450134771e+000    1.13061825886482e-001
 5.99865229110512e+000    3.58068560118245e-002
 6.20080862533693e+000    7.36817968109570e-003
 6.39622641509434e+000    1.59059813221707e-003
 6.59838274932615e+000    1.38179027765088e-004
 6.80053908355795e+000    1.52529907364512e-005
 7.00269541778976e+000    2.92105451302717e-006
 7.19811320754717e+000    7.63774033777321e-007
 7.40026954177898e+000    2.79276125128040e-007
 7.60242587601078e+000    9.73411536314302e-008
