 0.00000000000000e+000    6.91149809278107e-001
 2.21987315010571e-001    5.53752255312108e-001
 4.95771670190275e-001    3.92268005884841e-001
 7.47357293868922e-001    2.71115957453212e-001
 9.98942917547569e-001    1.61642719972202e-001
 1.25052854122622e+000    8.31354202057166e-002
 1.49471458773784e+000    3.68845865582286e-002
 1.74630021141649e+000    1.37732817985991e-002
 1.99788583509514e+000    3.46822250390427e-003
 2.24947145877378e+000    1.32737811323844e-003
 2.50105708245243e+000    2.81318220095536e-004
 2.75264270613108e+000    5.14315895080297e-005
 2.99682875264271e+000    1.32737811323844e-005
 3.24841437632135e+000    3.10440668253290e-006
 3.50000000000000e+000    7.44145318679160e-007