 2.61205073995772e+000    8.62638579405743e-001
 2.79704016913319e+000    5.40281778562644e-001
 3.04862579281184e+000    2.51807997151197e-001
 3.30021141649049e+000    6.49881575417228e-002
 3.55179704016913e+000    1.89703291503621e-002
 3.80338266384778e+000    2.22635073286917e-003
 4.05496828752643e+000    1.41166816310447e-004
 4.30655391120507e+000    2.22635073286917e-005
 4.55073995771670e+000    3.97127975010085e-006
 4.80232558139535e+000    1.05048625510260e-006
 5.05391120507400e+000    2.33875084391666e-007