 0.00000000000000e+000    7.81714429071401e-001
 2.21987315010571e-001    5.53752255312108e-001
 4.95771670190275e-001    3.14286844949571e-001
 7.47357293868922e-001    1.42915789865479e-001
 9.98942917547569e-001    3.97127975010084e-002
 1.25052854122622e+000    6.74337024595127e-003
 1.50211416490486e+000    1.46479011689535e-003
 1.75369978858351e+000    8.41654190059056e-005
 1.99788583509514e+000    1.29508855443195e-005
 2.24947145877378e+000    1.18813642444985e-006
 2.50105708245243e+000    1.46479011689535e-007
 2.75264270613108e+000    4.49165526902973e-008