 4.09838274932615e+000    1.00000000000000e+000
 4.59703504043127e+000    4.22170270052999e-001
 4.79919137466307e+000    1.78227736916622e-001
 5.00134770889488e+000    6.51694736337760e-002
 5.20350404312669e+000    1.37354012971593e-002
 5.39892183288410e+000    2.56816478670596e-003
 5.60107816711590e+000    2.97400711095713e-004
 5.80323450134771e+000    2.98292540338859e-005
 6.00539083557952e+000    2.71850602016790e-006
 6.20080862533693e+000    1.77163606404594e-007
 6.39622641509434e+000    8.23141773876423e-008