 6.00273972602740e+000    7.52398422712717e-001
 6.15479452054795e+000    4.91043188511572e-001
 6.30273972602740e+000    2.71468494046376e-001
 6.45068493150685e+000    1.18402009536266e-001
 6.59863013698630e+000    4.17190701680224e-002
 6.75068493150685e+000    1.00594445854163e-002
 6.90273972602740e+000    2.54334576130465e-003
 7.05068493150685e+000    5.71158647812643e-004
 7.20273972602740e+000    4.85256862586678e-005
 7.35068493150685e+000    6.62379405610842e-006
 7.49863013698630e+000    2.27922058061693e-006
 7.65068493150685e+000    8.62283221631754e-007
 7.80273972602740e+000    2.39698534979933e-007
