702
0 1
0 13
1 2
1 14
2 3
2 15
3 4
3 16
4 5
4 17
5 6
5 18
6 7
6 19
7 8
7 20
8 9
8 21
9 10
9 22
10 11
10 23
11 12
11 24
0 12
12 25
13 14
13 26
14 15
14 27
15 16
15 28
16 17
16 29
17 18
17 30
18 19
18 31
19 20
19 32
20 21
20 33
21 22
21 34
22 23
22 35
23 24
23 36
24 25
24 37
13 25
25 38
26 27
26 39
27 28
27 40
28 29
28 41
29 30
29 42
30 31
30 43
31 32
31 44
32 33
32 45
33 34
33 46
34 35
34 47
35 36
35 48
36 37
36 49
37 38
37 50
26 38
38 51
39 40
39 52
40 41
40 53
41 42
41 54
42 43
42 55
43 44
43 56
44 45
44 57
45 46
45 58
46 47
46 59
47 48
47 60
48 49
48 61
49 50
49 62
50 51
50 63
39 51
51 64
52 53
52 65
53 54
53 66
54 55
54 67
55 56
55 68
56 57
56 69
57 58
57 70
58 59
58 71
59 60
59 72
60 61
60 73
61 62
61 74
62 63
62 75
63 64
63 76
52 64
64 77
65 66
65 78
66 67
66 79
67 68
67 80
68 69
68 81
69 70
69 82
70 71
70 83
71 72
71 84
72 73
72 85
73 74
73 86
74 75
74 87
75 76
75 88
76 77
76 89
65 77
77 90
78 79
78 91
79 80
79 92
80 81
80 93
81 82
81 94
82 83
82 95
83 84
83 96
84 85
84 97
85 86
85 98
86 87
86 99
87 88
87 100
88 89
88 101
89 90
89 102
78 90
90 103
91 92
91 104
92 93
92 105
93 94
93 106
94 95
94 107
95 96
95 108
96 97
96 109
97 98
97 110
98 99
98 111
99 100
99 112
100 101
100 113
101 102
101 114
102 103
102 115
91 103
103 116
104 105
104 117
105 106
105 118
106 107
106 119
107 108
107 120
108 109
108 121
109 110
109 122
110 111
110 123
111 112
111 124
112 113
112 125
113 114
113 126
114 115
114 127
115 116
115 128
104 116
116 129
117 118
117 130
118 119
118 131
119 120
119 132
120 121
120 133
121 122
121 134
122 123
122 135
123 124
123 136
124 125
124 137
125 126
125 138
126 127
126 139
127 128
127 140
128 129
128 141
117 129
129 142
130 131
130 143
131 132
131 144
132 133
132 145
133 134
133 146
134 135
134 147
135 136
135 148
136 137
136 149
137 138
137 150
138 139
138 151
139 140
139 152
140 141
140 153
141 142
141 154
130 142
142 155
143 144
143 156
144 145
144 157
145 146
145 158
146 147
146 159
147 148
147 160
148 149
148 161
149 150
149 162
150 151
150 163
151 152
151 164
152 153
152 165
153 154
153 166
154 155
154 167
143 155
155 168
156 157
156 169
157 158
157 170
158 159
158 171
159 160
159 172
160 161
160 173
161 162
161 174
162 163
162 175
163 164
163 176
164 165
164 177
165 166
165 178
166 167
166 179
167 168
167 180
156 168
168 181
169 170
169 182
170 171
170 183
171 172
171 184
172 173
172 185
173 174
173 186
174 175
174 187
175 176
175 188
176 177
176 189
177 178
177 190
178 179
178 191
179 180
179 192
180 181
180 193
169 181
181 194
182 183
182 195
183 184
183 196
184 185
184 197
185 186
185 198
186 187
186 199
187 188
187 200
188 189
188 201
189 190
189 202
190 191
190 203
191 192
191 204
192 193
192 205
193 194
193 206
182 194
194 207
195 196
195 208
196 197
196 209
197 198
197 210
198 199
198 211
199 200
199 212
200 201
200 213
201 202
201 214
202 203
202 215
203 204
203 216
204 205
204 217
205 206
205 218
206 207
206 219
195 207
207 220
208 209
208 221
209 210
209 222
210 211
210 223
211 212
211 224
212 213
212 225
213 214
213 226
214 215
214 227
215 216
215 228
216 217
216 229
217 218
217 230
218 219
218 231
219 220
219 232
208 220
220 233
221 222
221 234
222 223
222 235
223 224
223 236
224 225
224 237
225 226
225 238
226 227
226 239
227 228
227 240
228 229
228 241
229 230
229 242
230 231
230 243
231 232
231 244
232 233
232 245
221 233
233 246
234 235
234 247
235 236
235 248
236 237
236 249
237 238
237 250
238 239
238 251
239 240
239 252
240 241
240 253
241 242
241 254
242 243
242 255
243 244
243 256
244 245
244 257
245 246
245 258
234 246
246 259
247 248
247 260
248 249
248 261
249 250
249 262
250 251
250 263
251 252
251 264
252 253
252 265
253 254
253 266
254 255
254 267
255 256
255 268
256 257
256 269
257 258
257 270
258 259
258 271
247 259
259 272
260 261
260 273
261 262
261 274
262 263
262 275
263 264
263 276
264 265
264 277
265 266
265 278
266 267
266 279
267 268
267 280
268 269
268 281
269 270
269 282
270 271
270 283
271 272
271 284
260 272
272 285
273 274
273 286
274 275
274 287
275 276
275 288
276 277
276 289
277 278
277 290
278 279
278 291
279 280
279 292
280 281
280 293
281 282
281 294
282 283
282 295
283 284
283 296
284 285
284 297
273 285
285 298
286 287
286 299
287 288
287 300
288 289
288 301
289 290
289 302
290 291
290 303
291 292
291 304
292 293
292 305
293 294
293 306
294 295
294 307
295 296
295 308
296 297
296 309
297 298
297 310
286 298
298 311
299 300
299 312
300 301
300 313
301 302
301 314
302 303
302 315
303 304
303 316
304 305
304 317
305 306
305 318
306 307
306 319
307 308
307 320
308 309
308 321
309 310
309 322
310 311
310 323
299 311
311 324
312 313
312 325
313 314
313 326
314 315
314 327
315 316
315 328
316 317
316 329
317 318
317 330
318 319
318 331
319 320
319 332
320 321
320 333
321 322
321 334
322 323
322 335
323 324
323 336
312 324
324 337
325 326
325 338
326 327
326 339
327 328
327 340
328 329
328 341
329 330
329 342
330 331
330 343
331 332
331 344
332 333
332 345
333 334
333 346
334 335
334 347
335 336
335 348
336 337
336 349
325 337
337 350
338 339
0 338
339 340
1 339
340 341
2 340
341 342
3 341
342 343
4 342
343 344
5 343
344 345
6 344
345 346
7 345
346 347
8 346
347 348
9 347
348 349
10 348
349 350
11 349
338 350
12 350
