0.139993	0
0.149643	0
0.159293	0
0.168913	0
0.178563	0
0.188213	0
0.197864	0
0.207514	0
0.217165	0
0.226815	0
0.236466	0
0.246116	0
0.255766	0
0.265417	0
0.275067	0
0.284718	0
0.294337	0
0.303987	0
0.313638	0
0.323288	0
0.332938	0
0.342589	0
0.352239	0
0.36189	0
0.37154	0
0.381191	0
0.390841	0
0.400491	0
0.410142	0
0.419761	0
0.429411	0
0.439062	0
0.448712	0
0.458363	0
0.468013	0
0.477663	0
0.487314	0
0.496964	0
0.506615	0
0.516265	0
0.525916	0
0.535566	0
0.545185	0
0.554836	0
0.564486	0
0.574136	0
0.583787	0
0.593437	0
0.603088	0
0.612738	0
0.622388	0
0.632039	0
0.641689	0
0.65134	0
0.66099	0
0.670609	0
0.68026	0
0.68991	0
0.699561	0
0.709211	0
0.718861	0
0.728512	0
0.738162	0
0.747813	0
0.757463	0
0.767113	0
0.776764	0
0.786414	0
0.796034	0
0.805684	0
0.815334	0
0.824985	0
0.834635	0
0.844286	0
0.853936	0
0.863586	0
0.873237	0
0.882887	0
0.892538	0
0.902188	0
0.911838	0
0.921458	0
0.931108	0
0.940759	0
0.950409	0
0.960059	0
0.96971	0
0.97936	0
0.989011	0
0.998661	0
1.00831	0
1.01796	0
1.02761	0
1.03723	0
1.04688	0
1.05653	0
1.06618	0
1.07583	0
1.08548	0
1.09513	0
1.10478	0
1.11443	0
1.12409	0
1.13374	0
1.14339	0
1.15304	0
1.16266	0
1.17231	0
1.18196	0
1.19161	0
1.20126	0
1.21091	0
1.22056	0
1.23021	0
1.23986	0
1.24951	0
1.25916	0
1.26881	0
1.27846	0
1.28808	0
1.29773	0
1.30738	0
1.31703	0
1.32668	0
1.33633	0
1.34598	0
1.35563	0
1.36528	0
1.37493	0
1.38458	0
1.39423	0
1.40388	0
1.4135	0
1.42315	0
1.4328	0
1.44246	0
1.45211	0
1.46176	0
1.47141	0
1.48106	0
1.49071	0
1.50036	0
1.51001	0
1.51966	0
1.52931	0
1.53893	0
1.54858	0
1.55823	0
1.56788	0
1.57753	0
1.58718	0
1.59683	0
1.60648	0
1.61613	0
1.62578	0
1.63543	0
1.64508	0
1.65473	0
1.66435	0
1.674	0
1.68365	0
1.6933	0
1.70295	0
1.7126	0
1.72225	0
1.73191	0
1.74156	0
1.75121	0
1.76086	0
1.77051	0
1.78016	0
1.78978	0
1.79943	0
1.80908	0
1.81873	0
1.82838	0
1.83803	0
1.84768	0
1.85733	0
1.86698	0
1.87663	0
1.88628	0
1.89593	0
1.90558	0
1.9152	0
1.92485	0
1.9345	0
1.94415	0
1.9538	0
1.96345	0
1.9731	0
1.98275	0
1.9924	0
2.00205	0
2.0117	0
2.02136	0
2.03101	0
2.04063	0
2.05028	0
2.05993	0
2.06958	0
2.07923	0
2.08888	0
2.09853	0
2.10818	0
2.11783	0
2.12748	0
2.13713	0
2.14678	0
2.15643	0
2.16605	0
2.1757	0
2.18535	0
2.195	0
2.20465	0
2.2143	0
2.22395	0
2.2336	0
2.24325	0
2.2529	0
2.26255	0
2.2722	0
2.28185	0
2.29147	0
2.30112	0
2.31077	0
2.32042	0
2.33008	0
2.33973	0
2.34938	0
2.35903	0
2.36868	0
2.37833	0
2.38798	0
2.39763	0
2.40728	0
2.4169	0
2.42655	0
2.4362	0
2.44585	0
2.4555	0
2.46515	0
2.4748	0
2.48445	0
2.4941	0
2.50375	0
2.5134	0
2.52305	0
2.5327	0
2.54232	0
2.55197	0
2.56162	0
2.57127	0
2.58092	0
2.59057	0
2.60022	0
2.60987	0
2.61953	0
2.62918	0
2.63883	0
2.64848	0
2.6581	0
2.66775	0
2.6774	0
2.68705	0
2.6967	0
2.70635	0
2.716	0
2.72565	0
2.7353	0
2.74495	0
2.7546	0
2.76425	0
2.7739	0
2.78352	0
2.79317	0
2.80282	0
2.81247	0
2.82212	0
2.83177	0
2.84142	0
2.85107	0
2.86072	0
2.87037	0
2.88002	0
2.88967	0
2.89932	0
2.90894	0
2.91859	0
2.92824	0
2.9379	0
2.94755	0
2.9572	0
2.96685	0
2.9765	0
2.98615	0
2.9958	0
3.00545	0
3.0151	0
3.02475	0
3.03437	0
3.04402	0
3.05367	0
3.06332	0
3.07297	0
3.08262	0
3.09227	0
3.10192	0
3.11157	0
3.12122	0
3.13087	0
3.14052	0
3.15017	0
3.15979	0
3.16944	0
3.17909	0
3.18874	0
3.19839	0
3.20804	0
3.21769	0
3.22735	0
3.237	0
3.24665	0
3.2563	0
3.26595	0
3.2756	0
3.28522	0
3.29487	0
3.30452	0
3.31417	0
3.32382	0
3.33347	0
3.34312	0
3.35277	0
3.36242	0
3.37207	0
3.38172	0
3.39137	0
3.40102	0
3.41064	0
3.42029	0
3.42994	0
3.43959	0
3.44924	0
3.45889	0
3.46854	0
3.47819	0
3.48784	0
3.49749	0
3.50714	0
3.5168	0
3.52645	0
3.53606	0
3.54572	0
3.55537	0
3.56502	0
3.57467	0
3.58432	0
3.59397	0
3.60362	0
3.61327	0
3.62292	0
3.63257	0
3.64222	0
3.65187	0
3.66149	0
3.67114	0
3.68079	0
3.69044	0
3.70009	0
3.70974	0
3.71939	0
3.72904	0
3.73869	0
3.74834	0
3.75799	0
3.76764	0
3.77729	0
3.78691	0
3.79656	0
3.80621	0
3.81586	0
3.82551	0
3.83517	0
3.84482	0
3.85447	0
3.86412	0
3.87377	0
3.88342	0
3.89307	0
3.90272	0
3.91234	0
3.92199	0
3.93164	0
3.94129	0
3.95094	0
3.96059	0
3.97024	0
3.97989	0
3.98954	0
3.99919	0
4.00884	0
4.01849	0
4.02814	0
4.03776	0
4.04741	0
4.05706	0
4.06671	0
4.07636	0
4.08601	0
4.09566	0
4.10531	0
4.11496	0
4.12462	0
4.13035	0
4.13424	0
4.14389	0
4.15354	0
4.16319	0
4.17284	0
4.1825	0
4.19215	0
4.2018	0
4.21145	0
4.2211	0
4.23075	0
4.2404	0
4.25002	0
4.25967	0
4.26932	0
4.27897	0
4.28862	0
4.29827	0
4.30792	0
4.31757	0
4.32722	0
4.33687	0
4.34652	0
4.35617	0
4.36582	0
4.37544	0
4.38509	0
4.39474	0
4.40439	0
4.41404	0
4.42369	0
4.43334	0
4.44299	0
4.45264	0
4.46229	0
4.47195	0
4.4816	0
4.49125	0
4.50087	0
4.51052	0
4.52017	0
4.52982	0
4.53947	0
4.54912	0
4.55877	0
4.56842	0
4.57807	0
4.58772	0
4.59737	0
4.60702	0
4.61667	0
4.62629	0
4.63594	0
4.64559	0
4.65524	0
4.66489	0
4.67454	0
4.68419	0
4.69384	0
4.70349	0
4.71314	0
4.72279	0
4.73244	0
4.74209	0
4.75171	0
4.76136	0
4.77101	0
4.78066	0
4.79032	0
4.79997	0
4.80962	0
4.81927	0
4.82892	0
4.83857	0
4.84822	0
4.85787	0
4.86752	0
4.87714	0
4.88679	0
4.89644	0
4.90609	0
4.91574	0
4.92539	0
4.93504	0
4.94469	0
4.95434	0
4.96399	0
4.97364	0
4.98329	0
4.99291	0
5.00256	0
5.01221	0
5.02186	0
5.03151	0
5.04116	0
5.05081	0
5.06046	0
5.07011	0
5.07977	0
5.08942	0
5.09907	0
5.10872	0
5.11834	0
5.12799	0
5.13033	0
5.13765	0
5.1473	0
5.15695	0
5.1666	0
5.17625	0
5.1859	0
5.19555	0
5.2052	0
5.21482	0
5.22447	0
5.23412	0
5.24377	0
5.25342	0
5.26307	0
5.27272	0
5.28237	0
5.29202	0
5.30167	0
5.31132	0
5.32097	0
5.33062	0
5.34024	0
5.34989	0
5.35954	0
5.36919	0
5.37884	0
5.38849	0
5.39814	0
5.40779	0
5.41744	0
5.4271	0
5.43675	0
5.4464	0
5.45605	0
5.46567	0
5.47532	0
5.48497	0
5.49462	0
5.50427	0
5.51392	0
5.52357	0
5.53322	0
5.54287	0
5.55252	0
5.56217	0
5.57182	0
5.58147	0
5.59109	0
5.60074	0
5.61039	0
5.62004	0
5.62969	0
5.63934	0
5.64899	0
5.65864	0
5.66829	0
5.67794	0
5.68759	0
5.69724	0
5.70686	0
5.71651	0
5.72616	0
5.73581	0
5.74547	0
5.75512	0
5.76477	0
5.77442	0
5.78407	0
5.79372	0
5.80337	0
5.81302	0
5.82267	0
5.83229	0
5.84194	0
5.85159	0
5.86124	0
5.87089	0
5.88054	0
5.89019	0
5.89984	0
5.90949	0
5.91914	0
5.92879	0
5.93844	0
5.94809	0
5.95771	0
5.96736	0
5.97701	0
5.98666	0
5.99631	0
6.00596	0
6.01561	0
6.02526	0
6.03492	0
6.04457	0
6.05422	0
6.06387	0
6.07352	0
6.08314	0
6.09279	0
6.10244	0
6.11209	0
6.12174	0
6.13139	0
6.14104	0
6.15069	0
6.16034	0
6.16999	0
6.17964	0
6.18929	0
6.19894	0
6.20856	0
6.21821	0
6.22786	0
6.23751	0
6.24716	0
6.25681	0
6.26646	0
6.27611	0
6.28576	0
6.29541	0
6.30506	0
6.31471	0
6.32437	0
6.33398	0
6.34363	0
6.35329	0
6.36294	0
6.37259	0
6.38224	0
6.39189	0
6.40154	0
6.41119	0
6.42084	0
6.43049	0
6.44014	0
6.44979	0
6.45941	0
6.46906	0
6.47871	0
6.48836	0
6.49801	0
6.50766	0
6.51731	0
6.52696	0
6.53661	0
6.54626	0
6.55591	0
6.56556	0
6.57521	0
6.58483	0
6.59448	0
6.60413	0
6.61378	0
6.62343	0
6.63308	0
6.64274	0
6.65239	0
6.66204	0
6.67169	0
6.68134	0
6.69099	0
6.70064	0
6.71026	0
6.71991	0
6.72956	0
6.73921	0
6.74886	0
6.75851	0
6.76816	0
6.77781	0
6.78746	0
6.79711	0
6.80676	0
6.81641	0
6.82606	0
6.83568	0
6.84533	0
6.85498	0
6.86463	0
6.87428	0
6.88393	0
6.89358	0
6.90323	0
6.91288	0
6.92253	0
6.93219	0
6.94184	0
6.95149	0
6.96111	0
6.97076	0
6.98041	0
6.99006	0
6.99971	0
7.00936	0
7.01901	0
7.02866	0
7.03831	0
7.04796	0
7.05761	0
7.06726	0
7.07691	0
7.08653	0
7.09618	0
7.10583	0
7.11548	0
7.12513	0
7.13478	0
7.14443	0
7.15408	0
7.16373	0
7.17338	0
7.18303	0
7.19268	0
7.20233	0
7.21195	0
7.2216	0
7.23125	0
7.24091	0
7.25056	0
7.26021	0
7.26986	0
7.27951	0
7.28916	0
7.29881	0
7.30846	0
7.31811	0
7.32773	0
7.33738	0
7.34703	0
7.35668	0
7.36633	0
7.37598	0
7.38563	0
7.39528	0
7.40493	0
7.41458	0
7.42423	0
7.43388	0
7.44353	0
7.45315	0
7.4628	0
7.47245	0
7.4821	0
7.49175	0
7.5014	0
7.51105	0
7.5207	0
7.53036	0
7.54001	0
7.54966	0
7.55931	0
7.56896	0
7.57858	0
7.58823	0
7.59788	0
7.60753	0
7.61718	0
7.62683	0
7.63648	0
7.64613	0
7.65578	0
7.66543	0
7.67508	0
7.68473	0
7.69438	0
7.704	0
7.71365	0
7.7233	0
7.73295	0
7.7426	0
7.75225	0
7.7619	0
7.77155	0
7.7812	0
7.79085	0
7.8005	0
7.81015	0
7.81981	0
7.82942	0
7.83907	0
7.84873	0
7.85838	0
7.86803	0
7.87768	0
7.88733	0
7.89698	0
7.90663	0
7.91628	0
7.92593	0
7.93558	0
7.94523	0
7.95485	0
7.9645	0
7.97415	0
7.9838	0
7.99345	0
8.0031	0
8.01275	0
8.0224	0
8.03205	0
8.0417	0
8.05135	0
8.061	0
8.07065	0
8.08027	0
8.08992	0
8.09957	0
8.10922	0
8.11887	0
8.12852	0
8.13818	0
8.14783	0
8.15748	0
8.16713	0
8.17678	0
8.18643	0
8.19608	0
8.2057	0
8.21535	0
8.225	0
8.23465	0
8.2443	0
8.25395	0
8.2636	0
8.27325	0
8.2829	0
8.29255	0
8.3022	0
8.31185	0
8.3215	0
8.33112	0
8.34077	0
8.35042	0
8.36007	0
8.36972	0
8.37937	0
8.38902	0
8.39867	0
8.40832	0
8.41797	0
8.42763	0
8.43728	0
8.44693	0
8.45655	0
8.4662	0
8.47585	0
8.4855	0
8.49515	0
8.5048	0
8.51445	0
8.5241	0
8.53375	0
8.5434	0
8.55305	0
8.5627	0
8.57235	0
8.58197	0
8.59162	0
8.60127	0
8.61092	0
8.62057	0
8.63022	0
8.63987	0
8.64952	0
8.65917	0
8.66882	0
8.67847	0
8.68812	0
8.69777	0
8.70739	0
8.71704	0
8.72669	0
8.73634	0
8.746	0
8.75565	0
8.7653	0
8.77495	0
8.7846	0
8.79425	0
8.8039	0
8.81355	0
8.8232	0
8.83282	0
8.84247	0
8.85212	0
8.86177	0
8.87142	0
8.88107	0
8.89072	0
8.90037	0
8.91002	0
8.91967	0
8.92932	0
8.93897	0
8.94859	0
8.95824	0
8.96789	0
8.97754	0
8.98719	0
8.99684	0
9.00649	0
9.01614	0
9.02579	0
9.03545	0
9.0451	0
9.05475	0
9.0644	0
9.07402	0
9.08367	0
9.09332	0
9.10297	0
9.11262	0
9.12227	0
9.13192	0
9.14157	0
9.15122	0
9.16087	0
9.17052	0
9.18017	0
9.18982	0
9.19944	0
9.20909	0
9.21874	0
9.22839	0
9.23804	0
9.24769	0
9.25734	0
9.26699	0
9.27664	0
9.28629	0
9.29594	0
9.30559	0
9.31524	0
9.32486	0
9.33451	0
9.34417	0
9.35382	0
9.36347	0
9.37312	0
9.38277	0
9.39242	0
9.40207	0
9.41172	0
9.42137	0
9.43102	0
9.44067	0
9.45029	0
9.45994	0
9.46959	0
9.47924	0
9.48889	0
9.49854	0
9.50819	0
9.51784	0
9.52749	0
9.53714	0
9.54679	0
9.55644	0
9.56609	0
9.57571	0
9.58536	0
9.59501	0
9.60466	0
9.61431	0
9.62396	0
9.63362	0
9.64327	0
9.65292	0
9.66257	0
9.67222	0
9.68187	0
9.69152	0
9.70114	0
9.71079	0
9.72044	0
9.73009	0
9.73974	0
9.74939	0
9.75904	0
9.76869	0
9.77834	0
9.78799	0
9.79764	0
9.80729	0
9.81694	0
9.82656	0
9.83621	0
9.84586	0
9.85551	0
9.86516	0
9.87481	0
9.88446	0
9.89411	0
9.90376	0
9.91341	0
9.92307	0
9.93272	0
9.94237	0
9.95199	0
9.96164	0
9.97129	0
9.98094	0
9.99059	0
10.0002	0
10.0099	0
10.0195	0
10.0292	0
10.0388	0
10.0485	0
10.0581	0
10.0678	0
10.0774	0
10.0871	0
10.0967	0
10.1064	0
10.116	0
10.1257	0
10.1353	0
10.145	0
10.1546	0
10.1643	0
10.1739	0
10.1836	0
10.1932	0
10.2028	0
10.2125	0
10.2221	0
10.2318	0
10.2414	0
10.2511	0
10.2607	0
10.2704	0
10.28	0
10.2897	0
10.2993	0
10.309	0
10.3186	0
10.3283	0
10.3379	0
10.3476	0
10.3572	0
10.3669	0
10.3765	0
10.3862	0
10.3958	0
10.4055	0
10.4151	0
10.4248	0
10.4344	0
10.444	0
10.4537	0
10.4633	0
10.473	0
10.4826	0
10.4923	0
10.5019	0
10.5116	0
10.5212	0
10.5309	0
10.5405	0
10.5502	0
10.5598	0
10.5695	0
10.5791	0
10.5888	0
10.5984	0
10.6081	0
10.6177	0
10.6274	0
10.637	0
10.6467	0
10.6563	0
10.666	0
10.6756	0
10.6853	0
10.6949	0
10.7045	0
10.7142	0
10.7238	0
10.7335	0
10.7431	0
10.7528	0
10.7624	0
10.7721	0
10.7817	0
10.7914	0
10.801	0
10.8107	0
10.8203	0
10.83	0
10.8396	0
10.8493	0
10.8589	0
10.8686	0
10.8782	0
10.8879	0
10.8975	0
10.9072	0
10.9168	0
10.9265	0
10.9361	0
10.9457	0
10.9554	0
10.965	0
10.9747	0
10.9843	0
10.994	0
