0.400636	0
0.401279	0
0.401922	0
0.402565	0
0.403209	0
0.403852	0
0.439233	0
0.481014	0
0.535693	0
0.580722	0
0.632186	0
0.690081	0
0.731219	0
0.786542	0
0.830927	0
0.883034	0
0.940929	0
0.980781	0
1.03739	0
1.08113	0
1.13388	0
1.18084	0
1.23099	0
1.28824	0
1.33069	0
1.38473	0
1.43105	0
1.48119	0
1.53909	0
1.5809	0
1.63558	0
1.68125	0
1.73204	0
1.78993	0
1.8311	0
1.88643	0
1.93081	0
1.98289	0
2.04078	0
2.08067	0
2.13727	0
2.18102	0
2.23374	0
2.28069	0
2.33087	0
2.38812	0
2.43122	0
2.48458	0
2.5309	0
2.58108	0
2.63897	0
2.68078	0
2.73543	0
2.7811	0
2.83192	0
2.88982	0
2.93099	0
2.98628	0
3.03067	0
3.08277	0
3.14067	0
3.18119	0
3.23713	0
3.28087	0
3.33362	0
3.38122	0
3.43076	0
3.48798	0
3.53108	0
3.58447	0
3.63078	0
3.68096	0
3.73882	0
3.78128	0
3.83532	0
3.88099	0
3.93181	0
3.98967	0
4.03084	0
4.08616	0
4.13119	0
4.18266	0
4.24052	0
4.28105	0
4.33701	0
4.38076	0
4.43351	0
4.48108	0
4.53125	0
4.58786	0
4.63096	0
4.68435	0
4.73128	0
4.78081	0
4.83871	0
4.88117	0
4.9352	0
4.98084	0
5.03166	0
5.08956	0
5.13073	0
5.18605	0
5.23105	0
5.28251	0
5.34041	0
5.38093	0
5.43687	0
5.48125	0
5.53336	0
5.58096	0
5.63114	0
5.68771	0
5.73081	0
5.78421	0
5.83117	0
5.8807	0
5.93856	0
5.98102	0
6.03506	0
6.08073	0
6.13155	0
6.18941	0
6.23122	0
6.2859	0
6.33093	0
6.3824	0
6.44026	0
6.48079	0
6.53675	0
6.58114	0
6.63324	0
6.68085	0
6.73099	0
6.7876	0
6.8307	0
6.88409	0
6.93105	0
6.9812	0
7.03845	0
7.0809	0
7.13494	0
7.18126	0
7.2314	0
7.2893	0
7.33111	0
7.38579	0
7.43082	0
7.48225	0
7.54014	0
7.58067	0
7.63664	0
7.68102	0
7.7331	0
7.7807	0
7.83088	0
7.88748	0
7.93123	0
7.98395	0
8.0309	0
8.08108	0
8.13833	0
8.13898	0
8.13962	0
8.14026	0
8.14091	0
8.14155	0
8.14219	0
8.14284	0
8.14348	0
8.14412	0
8.14476	0
8.14541	0
8.14605	0
8.14669	0
8.14734	0
8.15763	0
8.15827	0
8.18079	0
8.23479	0
8.28111	0
8.33129	0
8.38916	0
8.43097	0
8.48565	0
8.53068	0
8.58214	0
8.64001	0
8.68118	0
8.7365	0
8.78088	0
8.83299	0
8.89085	0
8.93074	0
8.98735	0
9.03109	0
9.08384	0
9.13077	0
9.1417	0
9.14235	0
9.14299	0
9.14363	0
9.14428	0
9.14492	0
9.14556	0
9.14621	0
9.14685	0
9.14749	0
9.14813	0
9.14878	0
9.14942	0
9.15006	0
9.15071	0
9.161	0
9.18094	0
9.23819	0
9.28065	0
9.33469	0
9.38097	0
9.43115	0
9.48904	0
9.53086	0
9.58554	0
9.63118	0
9.682	0
9.73989	0
9.78106	0
9.83638	0
9.88074	0
9.93284	0
9.99074	0
10.0313	0
10.0872	0
10.1309	0
10.1837	0
10.2307	0
10.2808	0
10.3381	0
10.3811	0
10.4345	0
10.4809	0
10.531	0
10.5889	0
10.6307	0
10.6854	0
10.7311	0
10.7819	0
10.8398	0
10.8809	0
10.9362	0
10.9813	0
