0.269993	0
0.279643	0
0.289293	0
0.298913	0
0.308563	0
0.318213	0
0.327864	0
0.337514	0
0.347165	0
0.356815	0
0.366466	0
0.376116	0
0.385766	0
0.395417	0
0.405067	0
0.414718	0
0.424337	0
0.433987	0
0.443638	0
0.453288	0
0.462938	0
0.472589	0
0.482239	0
0.49189	0
0.50154	0
0.511191	0
0.520841	0
0.530491	0
0.540142	0
0.549761	0
0.559411	0
0.569062	0
0.578712	0
0.588363	0
0.598013	0
0.607663	0
0.617314	0
0.626964	0
0.636615	0
0.646265	0
0.655916	0
0.665566	0
0.675185	0
0.684836	0
0.694486	0
0.704136	0
0.713787	0
0.723437	0
0.733088	0
0.742738	0
0.752388	0
0.762039	0
0.771689	0
0.78134	0
0.79099	0
0.800609	0
0.81026	0
0.81991	0
0.829561	0
0.839211	0
0.848861	0
0.858512	0
0.868162	0
0.877813	0
0.887463	0
0.897113	0
0.906764	0
0.916414	0
0.926034	0
0.935684	0
0.945334	0
0.954985	0
0.964635	0
0.974286	0
0.983936	0
0.993586	0
1.00324	0
1.01289	0
1.02254	0
1.03219	0
1.04184	0
1.05146	0
1.06111	0
1.07076	0
1.08041	0
1.09006	0
1.09971	0
1.10936	0
1.11901	0
1.12866	0
1.13831	0
1.14796	0
1.15761	0
1.16723	0
1.17688	0
1.18653	0
1.19618	0
1.20583	0
1.21548	0
1.22513	0
1.23478	0
1.24443	0
1.25409	0
1.26374	0
1.27339	0
1.28304	0
1.29266	0
1.30231	0
1.31196	0
1.32161	0
1.33126	0
1.34091	0
1.35056	0
1.36021	0
1.36986	0
1.37951	0
1.38916	0
1.39881	0
1.40846	0
1.41808	0
1.42773	0
1.43738	0
1.44703	0
1.45668	0
1.46633	0
1.47598	0
1.48563	0
1.49528	0
1.50493	0
1.51458	0
1.52423	0
1.53388	0
1.5435	0
1.55315	0
1.5628	0
1.57246	0
1.58211	0
1.59176	0
1.60141	0
1.61106	0
1.62071	0
1.63036	0
1.64001	0
1.64966	0
1.65931	0
1.66893	0
1.67858	0
1.68823	0
1.69788	0
1.70753	0
1.71718	0
1.72683	0
1.73648	0
1.74613	0
1.75578	0
1.76543	0
1.77508	0
1.78473	0
1.79435	0
1.804	0
1.81365	0
1.8233	0
1.83295	0
1.8426	0
1.85225	0
1.86191	0
1.87156	0
1.88121	0
1.89086	0
1.90051	0
1.91016	0
1.91978	0
1.92943	0
1.93908	0
1.94873	0
1.95838	0
1.96803	0
1.97768	0
1.98733	0
1.99698	0
2.00663	0
2.01628	0
2.02593	0
2.03558	0
2.0452	0
2.05485	0
2.0645	0
2.07415	0
2.0838	0
2.09345	0
2.1031	0
2.11275	0
2.1224	0
2.13205	0
2.1417	0
2.15136	0
2.16101	0
2.17063	0
2.18028	0
2.18993	0
2.19958	0
2.20923	0
2.21888	0
2.22853	0
2.23818	0
2.24783	0
2.25748	0
2.26713	0
2.27678	0
2.28643	0
2.29605	0
2.3057	0
2.31535	0
2.325	0
2.33465	0
2.3443	0
2.35395	0
2.3636	0
2.37325	0
2.3829	0
2.39255	0
2.4022	0
2.41185	0
2.42147	0
2.43112	0
2.44077	0
2.45042	0
2.46008	0
2.46973	0
2.47938	0
2.48903	0
2.49868	0
2.50833	0
2.51798	0
2.52763	0
2.53728	0
2.5469	0
2.55655	0
2.5662	0
2.57585	0
2.5855	0
2.59515	0
2.6048	0
2.61445	0
2.6241	0
2.63375	0
2.6434	0
2.65305	0
2.6627	0
2.67232	0
2.68197	0
2.69162	0
2.70127	0
2.71092	0
2.72057	0
2.73022	0
2.73987	0
2.74953	0
2.75918	0
2.76883	0
2.77848	0
2.7881	0
2.79775	0
2.8074	0
2.81705	0
2.8267	0
2.83635	0
2.846	0
2.85565	0
2.8653	0
2.87495	0
2.8846	0
2.89425	0
2.9039	0
2.91352	0
2.92317	0
2.93282	0
2.94247	0
2.95212	0
2.96177	0
2.97142	0
2.98107	0
2.99072	0
3.00037	0
3.01002	0
3.01967	0
3.02932	0
3.03894	0
3.04859	0
3.05824	0
3.0679	0
3.07755	0
3.0872	0
3.09685	0
3.1065	0
3.11615	0
3.1258	0
3.13545	0
3.1451	0
3.15475	0
3.16437	0
3.17402	0
3.18367	0
3.19332	0
3.20297	0
3.21262	0
3.22227	0
3.23192	0
3.24157	0
3.25122	0
3.26087	0
3.27052	0
3.28017	0
3.28979	0
3.29944	0
3.30909	0
3.31874	0
3.32839	0
3.33804	0
3.34769	0
3.35735	0
3.367	0
3.37665	0
3.3863	0
3.39595	0
3.4056	0
3.41522	0
3.42487	0
3.43452	0
3.44417	0
3.45382	0
3.46347	0
3.47312	0
3.48277	0
3.49242	0
3.50207	0
3.51172	0
3.52137	0
3.53102	0
3.54064	0
3.55029	0
3.55994	0
3.56959	0
3.57924	0
3.58889	0
3.59854	0
3.60819	0
3.61784	0
3.62749	0
3.63714	0
3.6468	0
3.65645	0
3.66606	0
3.67572	0
3.68537	0
3.69502	0
3.70467	0
3.71432	0
3.72397	0
3.73362	0
3.74327	0
3.75292	0
3.76257	0
3.77222	0
3.78187	0
3.79149	0
3.80114	0
3.81079	0
3.82044	0
3.83009	0
3.83974	0
3.84939	0
3.85904	0
3.86869	0
3.87834	0
3.88799	0
3.89764	0
3.90729	0
3.91691	0
3.92656	0
3.93621	0
3.94586	0
3.95551	0
3.96517	0
3.97482	0
3.98447	0
3.99412	0
4.00377	0
4.01342	0
4.02307	0
4.03272	0
4.04234	0
4.05199	0
4.06164	0
4.07129	0
4.08094	0
4.09059	0
4.10024	0
4.10989	0
4.11954	0
4.12919	0
4.13884	0
4.14849	0
4.15814	0
4.16776	0
4.17741	0
4.18706	0
4.19671	0
4.20636	0
4.21601	0
4.22566	0
4.23531	0
4.24496	0
4.25462	0
4.26035	0
4.26424	0
4.27389	0
4.28354	0
4.29319	0
4.30284	0
4.3125	0
4.32215	0
4.3318	0
4.34145	0
4.3511	0
4.36075	0
4.3704	0
4.38002	0
4.38967	0
4.39932	0
4.40897	0
4.41862	0
4.42827	0
4.43792	0
4.44757	0
4.45722	0
4.46687	0
4.47652	0
4.48617	0
4.49582	0
4.50544	0
4.51509	0
4.52474	0
4.53439	0
4.54404	0
4.55369	0
4.56334	0
4.57299	0
4.58264	0
4.59229	0
4.60195	0
4.6116	0
4.62125	0
4.63087	0
4.64052	0
4.65017	0
4.65982	0
4.66947	0
4.67912	0
4.68877	0
4.69842	0
4.70807	0
4.71772	0
4.72737	0
4.73702	0
4.74667	0
4.75629	0
4.76594	0
4.77559	0
4.78524	0
4.79489	0
4.80454	0
4.81419	0
4.82384	0
4.83349	0
4.84314	0
4.85279	0
4.86244	0
4.87209	0
4.88171	0
4.89136	0
4.90101	0
4.91066	0
4.92032	0
4.92997	0
4.93962	0
4.94927	0
4.95892	0
4.96857	0
4.97822	0
4.98787	0
4.99752	0
5.00714	0
5.01679	0
5.02644	0
5.03609	0
5.04574	0
5.05539	0
5.06504	0
5.07469	0
5.08434	0
5.09399	0
5.10364	0
5.11329	0
5.12291	0
5.13256	0
5.14221	0
5.15186	0
5.16151	0
5.17116	0
5.18081	0
5.19046	0
5.20011	0
5.20977	0
5.21942	0
5.22907	0
5.23872	0
5.24834	0
5.25799	0
5.26033	0
5.26765	0
5.2773	0
5.28695	0
5.2966	0
5.30625	0
5.3159	0
5.32555	0
5.3352	0
5.34482	0
5.35447	0
5.36412	0
5.37377	0
5.38342	0
5.39307	0
5.40272	0
5.41237	0
5.42202	0
5.43167	0
5.44132	0
5.45097	0
5.46062	0
5.47024	0
5.47989	0
5.48954	0
5.49919	0
5.50884	0
5.51849	0
5.52814	0
5.53779	0
5.54744	0
5.5571	0
5.56675	0
5.5764	0
5.58605	0
5.59567	0
5.60532	0
5.61497	0
5.62462	0
5.63427	0
5.64392	0
5.65357	0
5.66322	0
5.67287	0
5.68252	0
5.69217	0
5.70182	0
5.71147	0
5.72109	0
5.73074	0
5.74039	0
5.75004	0
5.75969	0
5.76934	0
5.77899	0
5.78864	0
5.79829	0
5.80794	0
5.81759	0
5.82724	0
5.83686	0
5.84651	0
5.85616	0
5.86581	0
5.87547	0
5.88512	0
5.89477	0
5.90442	0
5.91407	0
5.92372	0
5.93337	0
5.94302	0
5.95267	0
5.96229	0
5.97194	0
5.98159	0
5.99124	0
6.00089	0
6.01054	0
6.02019	0
6.02984	0
6.03949	0
6.04914	0
6.05879	0
6.06844	0
6.07809	0
6.08771	0
6.09736	0
6.10701	0
6.11666	0
6.12631	0
6.13596	0
6.14561	0
6.15526	0
6.16492	0
6.17457	0
6.18422	0
6.19387	0
6.20352	0
6.21314	0
6.22279	0
6.23244	0
6.24209	0
6.25174	0
6.26139	0
6.27104	0
6.28069	0
6.29034	0
6.29999	0
6.30964	0
6.31929	0
6.32894	0
6.33856	0
6.34821	0
6.35786	0
6.36751	0
6.37716	0
6.38681	0
6.39646	0
6.40611	0
6.41576	0
6.42541	0
6.43506	0
6.44471	0
6.45437	0
6.46398	0
6.47363	0
6.48329	0
6.49294	0
6.50259	0
6.51224	0
6.52189	0
6.53154	0
6.54119	0
6.55084	0
6.56049	0
6.57014	0
6.57979	0
6.58941	0
6.59906	0
6.60871	0
6.61836	0
6.62801	0
6.63766	0
6.64731	0
6.65696	0
6.66661	0
6.67626	0
6.68591	0
6.69556	0
6.70521	0
6.71483	0
6.72448	0
6.73413	0
6.74378	0
6.75343	0
6.76308	0
6.77274	0
6.78239	0
6.79204	0
6.80169	0
6.81134	0
6.82099	0
6.83064	0
6.84026	0
6.84991	0
6.85956	0
6.86921	0
6.87886	0
6.88851	0
6.89816	0
6.90781	0
6.91746	0
6.92711	0
6.93676	0
6.94641	0
6.95606	0
6.96568	0
6.97533	0
6.98498	0
6.99463	0
7.00428	0
7.01393	0
7.02358	0
7.03323	0
7.04288	0
7.05253	0
7.06219	0
7.07184	0
7.08149	0
7.09111	0
7.10076	0
7.11041	0
7.12006	0
7.12971	0
7.13936	0
7.14901	0
7.15866	0
7.16831	0
7.17796	0
7.18761	0
7.19726	0
7.20691	0
7.21653	0
7.22618	0
7.23583	0
7.24548	0
7.25513	0
7.26478	0
7.27443	0
7.28408	0
7.29373	0
7.30338	0
7.31303	0
7.32268	0
7.33233	0
7.34195	0
7.3516	0
7.36125	0
7.37091	0
7.38056	0
7.39021	0
7.39986	0
7.40951	0
7.41916	0
7.42881	0
7.43846	0
7.44811	0
7.45773	0
7.46738	0
7.47703	0
7.48668	0
7.49633	0
7.50598	0
7.51563	0
7.52528	0
7.53493	0
7.54458	0
7.55423	0
7.56388	0
7.57353	0
7.58315	0
7.5928	0
7.60245	0
7.6121	0
7.62175	0
7.6314	0
7.64105	0
7.6507	0
7.66036	0
7.67001	0
7.67966	0
7.68931	0
7.69896	0
7.70858	0
7.71823	0
7.72788	0
7.73753	0
7.74718	0
7.75683	0
7.76648	0
7.77613	0
7.78578	0
7.79543	0
7.80508	0
7.81473	0
7.82438	0
7.834	0
7.84365	0
7.8533	0
7.86295	0
7.8726	0
7.88225	0
7.8919	0
7.90155	0
7.9112	0
7.92085	0
7.9305	0
7.94015	0
7.94981	0
7.95942	0
7.96907	0
7.97873	0
7.98838	0
7.99803	0
8.00768	0
8.01733	0
8.02698	0
8.03663	0
8.04628	0
8.05593	0
8.06558	0
8.07523	0
8.08485	0
8.0945	0
8.10415	0
8.1138	0
8.12345	0
8.1331	0
8.14275	0
8.1524	0
8.16205	0
8.1717	0
8.18135	0
8.191	0
8.20065	0
8.21027	0
8.21992	0
8.22957	0
8.23922	0
8.24887	0
8.25852	0
8.26818	0
8.27783	0
8.28748	0
8.29713	0
8.30678	0
8.31643	0
8.32608	0
8.3357	0
8.34535	0
8.355	0
8.36465	0
8.3743	0
8.38395	0
8.3936	0
8.40325	0
8.4129	0
8.42255	0
8.4322	0
8.44185	0
8.4515	0
8.46112	0
8.47077	0
8.48042	0
8.49007	0
8.49972	0
8.50937	0
8.51902	0
8.52867	0
8.53832	0
8.54797	0
8.55763	0
8.56728	0
8.57693	0
8.58655	0
8.5962	0
8.60585	0
8.6155	0
8.62515	0
8.6348	0
8.64445	0
8.6541	0
8.66375	0
8.6734	0
8.68305	0
8.6927	0
8.70235	0
8.71197	0
8.72162	0
8.73127	0
8.74092	0
8.75057	0
8.76022	0
8.76987	0
8.77952	0
8.78917	0
8.79882	0
8.80847	0
8.81812	0
8.82777	0
8.83739	0
8.84704	0
8.85669	0
8.86634	0
8.876	0
8.88565	0
8.8953	0
8.90495	0
8.9146	0
8.92425	0
8.9339	0
8.94355	0
8.9532	0
8.96282	0
8.97247	0
8.98212	0
8.99177	0
9.00142	0
9.01107	0
9.02072	0
9.03037	0
9.04002	0
9.04967	0
9.05932	0
9.06897	0
9.07859	0
9.08824	0
9.09789	0
9.10754	0
9.11719	0
9.12684	0
9.13649	0
9.14614	0
9.15579	0
9.16545	0
9.1751	0
9.18475	0
9.1944	0
9.20402	0
9.21367	0
9.22332	0
9.23297	0
9.24262	0
9.25227	0
9.26192	0
9.27157	0
9.28122	0
9.29087	0
9.30052	0
9.31017	0
9.31982	0
9.32944	0
9.33909	0
9.34874	0
9.35839	0
9.36804	0
9.37769	0
9.38734	0
9.39699	0
9.40664	0
9.41629	0
9.42594	0
9.43559	0
9.44524	0
9.45486	0
9.46451	0
9.47417	0
9.48382	0
9.49347	0
9.50312	0
9.51277	0
9.52242	0
9.53207	0
9.54172	0
9.55137	0
9.56102	0
9.57067	0
9.58029	0
9.58994	0
9.59959	0
9.60924	0
9.61889	0
9.62854	0
9.63819	0
9.64784	0
9.65749	0
9.66714	0
9.67679	0
9.68644	0
9.69609	0
9.70571	0
9.71536	0
9.72501	0
9.73466	0
9.74431	0
9.75396	0
9.76362	0
9.77327	0
9.78292	0
9.79257	0
9.80222	0
9.81187	0
9.82152	0
9.83114	0
9.84079	0
9.85044	0
9.86009	0
9.86974	0
9.87939	0
9.88904	0
9.89869	0
9.90834	0
9.91799	0
9.92764	0
9.93729	0
9.94694	0
9.95656	0
9.96621	0
9.97586	0
9.98551	0
9.99516	0
10.0048	0
10.0145	0
10.0241	0
10.0338	0
10.0434	0
10.0531	0
10.0627	0
10.0724	0
10.082	0
10.0916	0
10.1013	0
10.1109	0
10.1206	0
10.1302	0
10.1399	0
10.1495	0
10.1592	0
10.1688	0
10.1785	0
10.1881	0
10.1978	0
10.2074	0
10.2171	0
10.2267	0
10.2364	0
10.246	0
10.2557	0
10.2653	0
10.275	0
10.2846	0
10.2943	0
10.3039	0
10.3136	0
10.3232	0
10.3328	0
10.3425	0
10.3521	0
10.3618	0
10.3714	0
10.3811	0
10.3907	0
10.4004	0
10.41	0
10.4197	0
10.4293	0
10.439	0
10.4486	0
10.4583	0
10.4679	0
10.4776	0
10.4872	0
10.4969	0
10.5065	0
10.5162	0
10.5258	0
10.5355	0
10.5451	0
10.5548	0
10.5644	0
10.574	0
10.5837	0
10.5933	0
10.603	0
10.6126	0
10.6223	0
10.6319	0
10.6416	0
10.6512	0
10.6609	0
10.6705	0
10.6802	0
10.6898	0
10.6995	0
10.7091	0
10.7188	0
10.7284	0
10.7381	0
10.7477	0
10.7574	0
10.767	0
10.7767	0
10.7863	0
10.796	0
10.8056	0
10.8153	0
10.8249	0
10.8345	0
10.8442	0
10.8538	0
10.8635	0
10.8731	0
10.8828	0
10.8924	0
10.9021	0
10.9117	0
10.9214	0
10.931	0
10.9407	0
10.9503	0
10.96	0
10.9696	0
10.9793	0
10.9889	0
10.9986	0
