0.530636	0
0.531279	0
0.531922	0
0.532565	0
0.533209	0
0.533852	0
0.569233	0
0.611014	0
0.665693	0
0.710722	0
0.762186	0
0.820081	0
0.861219	0
0.916542	0
0.960927	0
1.01303	0
1.07093	0
1.11078	0
1.16739	0
1.21113	0
1.26388	0
1.31084	0
1.36099	0
1.41824	0
1.46069	0
1.51473	0
1.56105	0
1.61119	0
1.66909	0
1.7109	0
1.76558	0
1.81125	0
1.86204	0
1.91993	0
1.9611	0
2.01643	0
2.06081	0
2.11289	0
2.17078	0
2.21067	0
2.26727	0
2.31102	0
2.36374	0
2.41069	0
2.46087	0
2.51812	0
2.56122	0
2.61458	0
2.6609	0
2.71108	0
2.76897	0
2.81078	0
2.86543	0
2.9111	0
2.96192	0
3.01982	0
3.06099	0
3.11628	0
3.16067	0
3.21277	0
3.27067	0
3.31119	0
3.36713	0
3.41087	0
3.46362	0
3.51122	0
3.56076	0
3.61798	0
3.66108	0
3.71447	0
3.76078	0
3.81096	0
3.86882	0
3.91128	0
3.96532	0
4.01099	0
4.06181	0
4.11967	0
4.16084	0
4.21616	0
4.26119	0
4.31266	0
4.37052	0
4.41105	0
4.46701	0
4.51076	0
4.56351	0
4.61108	0
4.66125	0
4.71786	0
4.76096	0
4.81435	0
4.86128	0
4.91081	0
4.96871	0
5.01117	0
5.0652	0
5.11084	0
5.16166	0
5.21956	0
5.26073	0
5.31605	0
5.36105	0
5.41251	0
5.47041	0
5.51093	0
5.56687	0
5.61125	0
5.66336	0
5.71096	0
5.76114	0
5.81771	0
5.86081	0
5.91421	0
5.96117	0
6.0107	0
6.06856	0
6.11102	0
6.16506	0
6.21073	0
6.26155	0
6.31941	0
6.36122	0
6.4159	0
6.46093	0
6.5124	0
6.57026	0
6.61079	0
6.66675	0
6.71114	0
6.76324	0
6.81085	0
6.86099	0
6.9176	0
6.9607	0
7.01409	0
7.06105	0
7.1112	0
7.16845	0
7.2109	0
7.26494	0
7.31126	0
7.3614	0
7.4193	0
7.46111	0
7.51579	0
7.56082	0
7.61225	0
7.67014	0
7.71067	0
7.76664	0
7.81102	0
7.8631	0
7.9107	0
7.96088	0
8.01748	0
8.06123	0
8.11395	0
8.1609	0
8.21108	0
8.26833	0
8.26898	0
8.26962	0
8.27026	0
8.27091	0
8.27155	0
8.27219	0
8.27284	0
8.27348	0
8.27412	0
8.27476	0
8.27541	0
8.27605	0
8.27669	0
8.27734	0
8.28763	0
8.28827	0
8.31079	0
8.36479	0
8.41111	0
8.46129	0
8.51916	0
8.56097	0
8.61565	0
8.66068	0
8.71214	0
8.77001	0
8.81118	0
8.8665	0
8.91088	0
8.96299	0
9.02085	0
9.06074	0
9.11735	0
9.16109	0
9.21384	0
9.26077	0
9.2717	0
9.27235	0
9.27299	0
9.27363	0
9.27428	0
9.27492	0
9.27556	0
9.27621	0
9.27685	0
9.27749	0
9.27813	0
9.27878	0
9.27942	0
9.28006	0
9.28071	0
9.291	0
9.31094	0
9.36819	0
9.41065	0
9.46469	0
9.51097	0
9.56115	0
9.61904	0
9.66086	0
9.71554	0
9.76118	0
9.812	0
9.86989	0
9.91106	0
9.96638	0
10.0107	0
10.0628	0
10.1207	0
10.1613	0
10.2172	0
10.2609	0
10.3137	0
10.3607	0
10.4108	0
10.4681	0
10.5111	0
10.5645	0
10.6109	0
10.661	0
10.7189	0
10.7607	0
10.8154	0
10.8611	0
10.9119	0
10.9698	0
