35.689500 139.691710 0.000000
28.666670 77.216670 0.000000
31.222220 121.458060 0.000000
-23.547500 -46.636110 0.000000
19.073975 72.880838 0.000000
19.427318 -99.141869 0.000000
39.907500 116.397230 0.000000
34.675834 135.553823 0.000000
30.039173 31.239411 0.000000
40.717042 -74.003663 0.000000
23.710400 90.407440 0.000000
24.905600 67.082200 0.000000
-34.605083 -58.400368 0.000000
22.533455 88.356045 0.000000
41.013800 28.949700 0.000000
29.562780 106.552780 0.000000
6.453060 3.395830 0.000000
14.604200 120.982200 0.000000
-22.902780 -43.207500 0.000000
23.125457 113.257374 0.000000
34.031656 -118.241716 0.000000
55.754996 37.621849 0.000000
-4.327580 15.313570 0.000000
39.108842 117.188620 0.000000
48.853410 2.348800 0.000000
22.541487 114.063427 0.000000
-6.211831 106.841646 0.000000
51.508530 -0.125740 0.000000
12.971940 77.593690 0.000000
-12.043180 -77.028240 0.000000
13.053091 80.248750 0.000000
37.568260 126.977830 0.000000
4.609710 -74.081750 0.000000
35.181470 136.906410 0.000000
-26.202270 28.043630 0.000000
13.721964 100.525248 0.000000
17.375280 78.474440 0.000000
41.850030 -87.650050 0.000000
31.549722 74.343611 0.000000
35.694390 51.421510 0.000000
30.583330 114.266670 0.000000
30.666670 104.066670 0.000000
23.021160 113.741411 0.000000
32.048183 118.789812 0.000000
23.033330 72.616670 0.000000
22.279588 114.188697 0.000000
10.750000 106.666670 0.000000
23.022778 113.119953 0.000000
3.141200 101.686530 0.000000
33.340580 44.400880 0.000000
-33.456940 -70.648270 0.000000
30.293650 120.161420 0.000000
24.690466 46.709566 0.000000
41.792220 123.432780 0.000000
40.416500 -3.702560 0.000000
34.289413 108.940242 0.000000
43.700110 -79.416300 0.000000
25.789097 -80.204044 0.000000
18.516057 73.861578 0.000000
-19.920830 -43.937780 0.000000
32.725410 -97.320850 0.000000
21.166670 72.833330 0.000000
29.760193 -95.369390 0.000000
1.289670 103.850070 0.000000
39.952340 -75.163790 0.000000
33.606400 130.418100 0.000000
-8.836820 13.234320 0.000000
31.302068 120.585259 0.000000
45.756325 126.646688 0.000000
41.388790 2.158990 0.000000
33.760000 -84.400000 0.000000
15.551770 32.532410 0.000000
-6.823490 39.269510 0.000000
59.929858 30.326228 0.000000
38.895110 -77.036370 0.000000
5.345339 -4.026789 0.000000
20.666670 -103.333330 0.000000
16.805280 96.156110 0.000000
31.192471 29.904596 0.000000
39.919870 32.854270 0.000000
34.528887 69.172460 0.000000
36.098610 120.371940 0.000000
22.333060 91.836390 0.000000
25.666670 -100.316670 0.000000
-33.867850 151.207320 0.000000
38.913811 121.602322 0.000000
24.479790 118.081870 0.000000
34.757780 113.648610 0.000000
42.347919 -71.064530 0.000000
-37.814000 144.963320 0.000000
-15.779720 -47.929720 0.000000
21.516940 39.219170 0.000000
33.449454 -112.074743 0.000000
36.676721 116.997142 0.000000
45.508840 -73.587810 0.000000
23.368140 116.714790 0.000000
-1.283330 36.816670 0.000000
6.251840 -75.563590 0.000000
-3.741170 -38.543575 0.000000
25.038890 102.718330 0.000000
