0.269673	2.77288e-21
0.279323	2.68739e-21
0.288974	2.51896e-21
0.298593	2.40783e-21
0.308244	2.32935e-21
0.317894	2.2425e-21
0.327544	2.20366e-21
0.337195	2.18039e-21
0.346845	2.11374e-21
0.356496	2.07036e-21
0.366146	2.05755e-21
0.375796	1.93076e-21
0.385447	1.74995e-21
0.395097	1.75422e-21
0.404748	1.88051e-21
0.414398	1.86542e-21
0.424017	1.72837e-21
0.433668	1.67448e-21
0.443318	1.6989e-21
0.452969	1.68614e-21
0.462619	1.67713e-21
0.472269	1.71562e-21
0.48192	1.7269e-21
0.49157	1.72256e-21
0.501221	1.77049e-21
0.510871	1.82248e-21
0.520521	1.84047e-21
0.530172	1.87792e-21
0.539822	1.98045e-21
0.549442	2.11308e-21
0.559092	2.22105e-21
0.568742	2.25931e-21
0.578393	2.27175e-21
0.588043	2.34136e-21
0.597694	2.4647e-21
0.607344	2.53862e-21
0.616994	2.60305e-21
0.626645	2.73707e-21
0.636295	2.83472e-21
0.645946	2.79247e-21
0.655596	2.72985e-21
0.665246	2.74942e-21
0.674866	2.79533e-21
0.684516	2.81604e-21
0.694167	2.81977e-21
0.703817	2.73054e-21
0.713467	2.57927e-21
0.723118	2.55014e-21
0.732768	2.6144e-21
0.742419	2.52688e-21
0.752069	2.35612e-21
0.761719	2.34622e-21
0.77137	2.38597e-21
0.78102	2.24924e-21
0.790671	2.08863e-21
0.80029	2.07155e-21
0.80994	2.06411e-21
0.819591	2.0004e-21
0.829241	2.0206e-21
0.838892	2.06322e-21
0.848542	1.96334e-21
0.858192	1.84564e-21
0.867843	1.85593e-21
0.877493	1.86166e-21
0.887144	1.80529e-21
0.896794	1.83151e-21
0.906444	1.89828e-21
0.916095	1.84204e-21
0.925714	1.75883e-21
0.935364	1.7466e-21
0.945015	1.74941e-21
0.954665	1.7654e-21
0.964316	1.85522e-21
0.973966	1.86268e-21
0.983617	1.73144e-21
0.993267	1.71608e-21
1.00292	1.88415e-21
1.01257	1.94114e-21
1.02222	1.86846e-21
1.03187	1.95439e-21
1.04152	2.15279e-21
1.05114	2.2016e-21
1.06079	2.18298e-21
1.07044	2.25479e-21
1.08009	2.30808e-21
1.08974	2.33739e-21
1.09939	2.50053e-21
1.10904	2.67001e-21
1.11869	2.64337e-21
1.12834	2.60314e-21
1.13799	2.71447e-21
1.14764	2.75044e-21
1.15729	2.64915e-21
1.16691	2.68353e-21
1.17656	2.81347e-21
1.18621	2.75304e-21
1.19586	2.59393e-21
1.20551	2.58124e-21
1.21516	2.59628e-21
1.22481	2.5112e-21
1.23446	2.49942e-21
1.24412	2.55582e-21
1.25377	2.45881e-21
1.26342	2.27543e-21
1.27307	2.2641e-21
1.28272	2.29432e-21
1.29234	2.18677e-21
1.30199	2.0669e-21
1.31164	2.09621e-21
1.32129	2.15597e-21
1.33094	2.12159e-21
1.34059	2.02099e-21
1.35024	1.92079e-21
1.35989	1.87911e-21
1.36954	1.93532e-21
1.37919	1.99378e-21
1.38884	1.94805e-21
1.39849	1.88663e-21
1.40814	1.90478e-21
1.41776	1.907e-21
1.42741	1.85721e-21
1.43706	1.87002e-21
1.44671	1.94309e-21
1.45636	1.95189e-21
1.46601	1.90664e-21
1.47566	1.86938e-21
1.48531	1.83292e-21
1.49496	1.83025e-21
1.50461	1.91379e-21
1.51426	1.99218e-21
1.52391	1.98869e-21
1.53357	1.99545e-21
1.54318	2.07123e-21
1.55284	2.12506e-21
1.56249	2.12561e-21
1.57214	2.16218e-21
1.58179	2.24781e-21
1.59144	2.34296e-21
1.60109	2.45651e-21
1.61074	2.53336e-21
1.62039	2.49432e-21
1.63004	2.43978e-21
1.63969	2.50392e-21
1.64934	2.61316e-21
1.65899	2.62295e-21
1.66861	2.54949e-21
1.67826	2.48236e-21
1.68791	2.43524e-21
1.69756	2.41309e-21
1.70721	2.35867e-21
1.71686	2.29697e-21
1.72651	2.28553e-21
1.73616	2.32444e-21
1.74581	2.22548e-21
1.75546	2.04236e-21
1.76511	1.97965e-21
1.77476	2.03482e-21
1.78441	1.99157e-21
1.79403	1.88444e-21
1.80368	1.89616e-21
1.81333	1.9287e-21
1.82298	1.8442e-21
1.83263	1.77391e-21
1.84229	1.78242e-21
1.85194	1.71933e-21
1.86159	1.65492e-21
1.87124	1.75183e-21
1.88089	1.82802e-21
1.89054	1.69171e-21
1.90019	1.57261e-21
1.90984	1.65633e-21
1.91946	1.73864e-21
1.92911	1.7292e-21
1.93876	1.77269e-21
1.94841	1.81623e-21
1.95806	1.74167e-21
1.96771	1.71374e-21
1.97736	1.82089e-21
1.98701	1.85594e-21
1.99666	1.81496e-21
2.00631	1.92299e-21
2.01596	2.0864e-21
2.02561	2.04466e-21
2.03526	1.95718e-21
2.04488	2.05879e-21
2.05453	2.17959e-21
2.06418	2.17489e-21
2.07383	2.19693e-21
2.08348	2.30739e-21
2.09313	2.36662e-21
2.10278	2.39204e-21
2.11243	2.42749e-21
2.12208	2.40284e-21
2.13174	2.3866e-21
2.14139	2.51232e-21
2.15104	2.61135e-21
2.16069	2.49526e-21
2.17031	2.35418e-21
2.17996	2.36694e-21
2.18961	2.36932e-21
2.19926	2.30947e-21
2.20891	2.34128e-21
2.21856	2.37679e-21
2.22821	2.2477e-21
2.23786	2.13713e-21
2.24751	2.18692e-21
2.25716	2.16685e-21
2.26681	2.02176e-21
2.27646	2.02499e-21
2.28611	2.15358e-21
2.29573	2.12792e-21
2.30538	1.99669e-21
2.31503	2.00245e-21
2.32468	2.04611e-21
2.33433	1.99805e-21
2.34398	1.97124e-21
2.35363	2.0182e-21
2.36328	2.00566e-21
2.37293	1.96325e-21
2.38258	1.97488e-21
2.39223	1.93989e-21
2.40188	1.84224e-21
2.41153	1.87714e-21
2.42115	2.03266e-21
2.4308	2.04459e-21
2.44045	1.88242e-21
2.45011	1.79792e-21
2.45976	1.83299e-21
2.46941	1.85983e-21
2.47906	1.85334e-21
2.48871	1.86587e-21
2.49836	1.86984e-21
2.50801	1.88006e-21
2.51766	1.88001e-21
2.52731	1.86801e-21
2.53696	1.86105e-21
2.54658	1.89825e-21
2.55623	1.9545e-21
2.56588	2.0042e-21
2.57553	2.06882e-21
2.58518	2.10643e-21
2.59483	2.10168e-21
2.60448	2.14998e-21
2.61413	2.28244e-21
2.62378	2.35526e-21
2.63343	2.36102e-21
2.64308	2.42482e-21
2.65273	2.50188e-21
2.66238	2.44743e-21
2.672	2.34854e-21
2.68165	2.38428e-21
2.6913	2.49318e-21
2.70095	2.52352e-21
2.7106	2.46555e-21
2.72025	2.36237e-21
2.7299	2.26363e-21
2.73956	2.24591e-21
2.74921	2.26594e-21
2.75886	2.20262e-21
2.76851	2.09289e-21
2.77816	2.08447e-21
2.78778	2.103e-21
2.79743	2.0207e-21
2.80708	1.92025e-21
2.81673	1.89743e-21
2.82638	1.8855e-21
2.83603	1.86105e-21
2.84568	1.8613e-21
2.85533	1.8264e-21
2.86498	1.71429e-21
2.87463	1.65756e-21
2.88428	1.68348e-21
2.89393	1.6577e-21
2.90358	1.63031e-21
2.9132	1.70767e-21
2.92285	1.73459e-21
2.9325	1.61836e-21
2.94215	1.55501e-21
2.9518	1.60142e-21
2.96145	1.61194e-21
2.9711	1.62942e-21
2.98075	1.75438e-21
2.9904	1.78905e-21
3.00005	1.6422e-21
3.0097	1.63645e-21
3.01935	1.83528e-21
3.02901	1.87241e-21
3.03862	1.73876e-21
3.04827	1.77845e-21
3.05793	1.94371e-21
3.06758	1.9311e-21
3.07723	1.83958e-21
3.08688	1.87953e-21
3.09653	1.93527e-21
3.10618	1.93397e-21
3.11583	2.00298e-21
3.12548	2.07926e-21
3.13513	1.99255e-21
3.14478	1.89489e-21
3.15443	1.93796e-21
3.16405	1.94652e-21
3.1737	1.86478e-21
3.18335	1.89696e-21
3.193	1.99201e-21
3.20265	1.92304e-21
3.2123	1.77804e-21
3.22195	1.74879e-21
3.2316	1.74905e-21
3.24125	1.7054e-21
3.2509	1.72396e-21
3.26055	1.74313e-21
3.2702	1.63437e-21
3.27985	1.5405e-21
3.28947	1.59739e-21
3.29912	1.63227e-21
3.30877	1.55225e-21
3.31842	1.51047e-21
3.32807	1.54824e-21
3.33772	1.53429e-21
3.34738	1.47607e-21
3.35703	1.42471e-21
3.36668	1.32803e-21
3.37633	1.25935e-21
3.38598	1.35374e-21
3.39563	1.43424e-21
3.40528	1.31309e-21
3.4149	1.18601e-21
3.42455	1.22145e-21
3.4342	1.2334e-21
3.44385	1.11142e-21
3.4535	1.11572e-21
3.46315	1.24423e-21
3.4728	1.28389e-21
3.48245	1.20373e-21
3.4921	1.20226e-21
3.50175	1.28174e-21
3.5114	1.34215e-21
3.52105	1.41979e-21
3.5307	1.53184e-21
3.54032	1.57675e-21
3.54997	1.58292e-21
3.55962	1.67555e-21
3.56927	1.79076e-21
3.57892	1.85189e-21
3.58857	1.89886e-21
3.59822	1.99572e-21
3.60787	2.12e-21
3.61752	2.21253e-21
3.62717	2.2219e-21
3.63683	2.16797e-21
3.64648	2.16634e-21
3.65613	2.26727e-21
3.66575	2.37512e-21
3.6754	2.40983e-21
3.68505	2.40637e-21
3.6947	2.39624e-21
3.70435	2.39451e-21
3.714	2.43477e-21
3.72365	2.47043e-21
3.7333	2.47846e-21
3.74295	2.50301e-21
3.7526	2.58525e-21
3.76225	2.57943e-21
3.7719	2.48045e-21
3.78155	2.49915e-21
3.79117	2.66118e-21
3.80082	2.71398e-21
3.81047	2.63767e-21
3.82012	2.64925e-21
3.82977	2.72452e-21
3.83942	2.6966e-21
3.84907	2.63198e-21
3.85872	2.64067e-21
3.86837	2.65119e-21
3.87802	2.65092e-21
3.88767	2.70936e-21
3.89732	2.72539e-21
3.90697	2.59239e-21
3.91659	2.46852e-21
3.92624	2.47408e-21
3.93589	2.49595e-21
3.94555	2.46092e-21
3.9552	2.42979e-21
3.96485	2.36393e-21
3.9745	2.24554e-21
3.98415	2.21908e-21
3.9938	2.25435e-21
4.00345	2.19516e-21
4.0131	2.13061e-21
4.02275	2.20769e-21
4.0324	2.23886e-21
4.04202	2.09964e-21
4.05167	2.03949e-21
4.06132	2.16348e-21
4.07097	2.234e-21
4.08062	2.20676e-21
4.09027	2.26422e-21
4.09992	2.34586e-21
4.10957	2.3222e-21
4.11922	2.31205e-21
4.12887	2.35053e-21
4.13852	2.28153e-21
4.14817	2.21275e-21
4.15782	2.33823e-21
4.16744	2.42659e-21
4.17709	2.24012e-21
4.18674	2.05872e-21
4.19639	2.10699e-21
4.20604	2.11779e-21
4.21569	1.98409e-21
4.22534	1.94911e-21
4.235	1.96284e-21
4.24465	1.81396e-21
4.2543	1.66171e-21
4.26003	1.66852e-21
4.26392	1.69828e-21
4.27357	1.71548e-21
4.28322	1.60264e-21
4.29287	1.59147e-21
4.30253	1.68648e-21
4.31218	1.64627e-21
4.32183	1.49954e-21
4.33148	1.49519e-21
4.34113	1.54362e-21
4.35078	1.53983e-21
4.36043	1.53847e-21
4.37008	1.58114e-21
4.3797	1.59378e-21
4.38935	1.60862e-21
4.399	1.63514e-21
4.40865	1.58711e-21
4.4183	1.5309e-21
4.42795	1.63582e-21
4.4376	1.79139e-21
4.44725	1.76982e-21
4.4569	1.671e-21
4.46655	1.69757e-21
4.4762	1.79609e-21
4.48585	1.86983e-21
4.4955	1.95349e-21
4.50512	2.0286e-21
4.51477	2.0401e-21
4.52442	2.07361e-21
4.53407	2.16785e-21
4.54372	2.22162e-21
4.55337	2.24775e-21
4.56302	2.3779e-21
4.57267	2.54997e-21
4.58232	2.62037e-21
4.59198	2.6469e-21
4.60163	2.72543e-21
4.61128	2.78268e-21
4.62093	2.79847e-21
4.63055	2.86632e-21
4.6402	2.95644e-21
4.64985	2.97141e-21
4.6595	2.9644e-21
4.66915	2.98494e-21
4.6788	2.95017e-21
4.68845	2.84975e-21
4.6981	2.81051e-21
4.70775	2.86626e-21
4.7174	2.8666e-21
4.72705	2.71997e-21
4.7367	2.52054e-21
4.74635	2.41542e-21
4.75597	2.43507e-21
4.76562	2.42254e-21
4.77527	2.30697e-21
4.78492	2.20248e-21
4.79457	2.2052e-21
4.80422	2.16116e-21
4.81387	2.02882e-21
4.82352	1.94513e-21
4.83317	1.95686e-21
4.84282	1.94573e-21
4.85247	1.91841e-21
4.86212	1.94829e-21
4.87177	1.93418e-21
4.88139	1.8365e-21
4.89104	1.81683e-21
4.90069	1.8823e-21
4.91035	1.85595e-21
4.92	1.80256e-21
4.92965	1.8632e-21
4.9393	1.89611e-21
4.94895	1.77477e-21
4.9586	1.69802e-21
4.96825	1.77378e-21
4.9779	1.83056e-21
4.98755	1.83393e-21
4.9972	1.88189e-21
5.00682	1.86883e-21
5.01647	1.73721e-21
5.02612	1.72514e-21
5.03577	1.88352e-21
5.04542	1.93636e-21
5.05507	1.85754e-21
5.06472	1.90746e-21
5.07437	2.05809e-21
5.08402	2.08894e-21
5.09367	2.05185e-21
5.10332	2.09953e-21
5.11297	2.17442e-21
5.12259	2.25411e-21
5.13224	2.37406e-21
5.14189	2.43968e-21
5.15154	2.40328e-21
5.16119	2.44496e-21
5.17084	2.58074e-21
5.18049	2.60674e-21
5.19014	2.59525e-21
5.1998	2.72593e-21
5.20945	2.82455e-21
5.2191	2.7135e-21
5.22875	2.61448e-21
5.2384	2.67082e-21
5.24802	2.68753e-21
5.25767	2.64653e-21
5.26001	2.65028e-21
5.26733	2.70505e-21
5.27698	2.72559e-21
5.28663	2.54533e-21
5.29628	2.41938e-21
5.30593	2.49622e-21
5.31558	2.49167e-21
5.32523	2.32513e-21
5.33488	2.27521e-21
5.3445	2.34276e-21
5.35415	2.29644e-21
5.3638	2.19175e-21
5.37345	2.17163e-21
5.3831	2.13174e-21
5.39275	2.0605e-21
5.4024	2.11461e-21
5.41205	2.18694e-21
5.4217	2.06626e-21
5.43135	1.92317e-21
5.441	1.96366e-21
5.45065	2.02322e-21
5.4603	1.94317e-21
5.46992	1.92899e-21
5.47957	2.04134e-21
5.48922	2.06739e-21
5.49887	1.94012e-21
5.50852	1.86554e-21
5.51817	1.89529e-21
5.52782	1.94921e-21
5.53747	2.00186e-21
5.54713	2.02668e-21
5.55678	1.99411e-21
5.56643	1.99023e-21
5.57608	2.04106e-21
5.58573	2.07001e-21
5.59535	2.05972e-21
5.605	2.07823e-21
5.61465	2.11327e-21
5.6243	2.13131e-21
5.63395	2.15988e-21
5.6436	2.16751e-21
5.65325	2.10216e-21
5.6629	2.07814e-21
5.67255	2.19562e-21
5.6822	2.30622e-21
5.69185	2.2652e-21
5.7015	2.18584e-21
5.71115	2.18449e-21
5.72077	2.19283e-21
5.73042	2.17714e-21
5.74007	2.19889e-21
5.74972	2.25059e-21
5.75937	2.27644e-21
5.76902	2.28208e-21
5.77867	2.23695e-21
5.78832	2.16708e-21
5.79797	2.17667e-21
5.80762	2.27292e-21
5.81727	2.30965e-21
5.82692	2.2518e-21
5.83654	2.22965e-21
5.84619	2.28121e-21
5.85584	2.31522e-21
5.8655	2.31357e-21
5.87515	2.30678e-21
5.8848	2.31866e-21
5.89445	2.37639e-21
5.9041	2.44051e-21
5.91375	2.40428e-21
5.9234	2.2856e-21
5.93305	2.26678e-21
5.9427	2.34433e-21
5.95235	2.37562e-21
5.96197	2.38139e-21
5.97162	2.42124e-21
5.98127	2.36729e-21
5.99092	2.24662e-21
6.00057	2.26216e-21
6.01022	2.34926e-21
6.01987	2.30027e-21
6.02952	2.24097e-21
6.03917	2.33935e-21
6.04882	2.3872e-21
6.05847	2.23323e-21
6.06812	2.17711e-21
6.07777	2.32131e-21
6.08739	2.3723e-21
6.09704	2.26597e-21
6.10669	2.24573e-21
6.11634	2.29101e-21
6.12599	2.2377e-21
6.13564	2.18174e-21
6.14529	2.19615e-21
6.15495	2.15433e-21
6.1646	2.11048e-21
6.17425	2.20648e-21
6.1839	2.25367e-21
6.19355	2.07812e-21
6.2032	1.93035e-21
6.21282	1.99088e-21
6.22247	2.04492e-21
6.23212	1.99545e-21
6.24177	1.99971e-21
6.25142	2.0139e-21
6.26107	1.91772e-21
6.27072	1.84523e-21
6.28037	1.88791e-21
6.29002	1.88099e-21
6.29967	1.80964e-21
6.30932	1.83689e-21
6.31897	1.88055e-21
6.32862	1.79672e-21
6.33824	1.73472e-21
6.34789	1.80841e-21
6.35754	1.86638e-21
6.36719	1.87845e-21
6.37684	1.95356e-21
6.38649	2.01025e-21
6.39614	1.9804e-21
6.40579	2.01033e-21
6.41544	2.11493e-21
6.42509	2.09208e-21
6.43474	2.04309e-21
6.4444	2.21235e-21
6.45405	2.40803e-21
6.46367	2.32366e-21
6.47332	2.16163e-21
6.48297	2.20328e-21
6.49262	2.2928e-21
6.50227	2.25039e-21
6.51192	2.22969e-21
6.52157	2.25098e-21
6.53122	2.18773e-21
6.54087	2.09451e-21
6.55052	2.10044e-21
6.56017	2.10424e-21
6.56982	2.03539e-21
6.57947	2.02136e-21
6.58909	2.06587e-21
6.59874	2.01468e-21
6.60839	1.89535e-21
6.61804	1.86302e-21
6.62769	1.86474e-21
6.63734	1.84124e-21
6.64699	1.82648e-21
6.65664	1.83587e-21
6.66629	1.817e-21
6.67594	1.77418e-21
6.68559	1.73097e-21
6.69524	1.66175e-21
6.70489	1.59913e-21
6.71451	1.60895e-21
6.72416	1.67891e-21
6.73381	1.6893e-21
6.74346	1.6136e-21
6.75312	1.49473e-21
6.76277	1.44905e-21
6.77242	1.51783e-21
6.78207	1.56111e-21
6.79172	1.47013e-21
6.80137	1.34556e-21
6.81102	1.34142e-21
6.82067	1.35011e-21
6.83032	1.24457e-21
6.83994	1.15932e-21
6.84959	1.20699e-21
6.85924	1.25755e-21
6.86889	1.21456e-21
6.87854	1.168e-21
6.88819	1.15791e-21
6.89784	1.12573e-21
6.90749	1.12474e-21
6.91714	1.18721e-21
6.92679	1.24511e-21
6.93644	1.29303e-21
6.94609	1.38324e-21
6.95574	1.44879e-21
6.96536	1.43244e-21
6.97501	1.4523e-21
6.98466	1.55144e-21
6.99431	1.66467e-21
7.00396	1.74531e-21
7.01361	1.81307e-21
7.02326	1.79105e-21
7.03291	1.73825e-21
7.04257	1.84009e-21
7.05222	2.01562e-21
7.06187	2.0336e-21
7.07152	1.97933e-21
7.08117	2.04451e-21
7.09079	2.11223e-21
7.10044	2.06434e-21
7.11009	2.0381e-21
7.11974	2.08936e-21
7.12939	2.10228e-21
7.13904	2.12344e-21
7.14869	2.21768e-21
7.15834	2.20084e-21
7.16799	2.0593e-21
7.17764	2.0427e-21
7.18729	2.14737e-21
7.19694	2.09083e-21
7.20659	1.99444e-21
7.21621	2.09023e-21
7.22586	2.18103e-21
7.23551	2.0336e-21
7.24516	1.91697e-21
7.25481	2.02033e-21
7.26446	2.09103e-21
7.27411	2.04429e-21
7.28376	2.07386e-21
7.29341	2.0986e-21
7.30306	1.96913e-21
7.31271	1.89977e-21
7.32236	2.02911e-21
7.33202	2.0949e-21
7.34163	2.01051e-21
7.35128	2.00273e-21
7.36094	2.08848e-21
7.37059	2.08027e-21
7.38024	2.01651e-21
7.38989	2.01601e-21
7.39954	2.014e-21
7.40919	2.02821e-21
7.41884	2.14259e-21
7.42849	2.21987e-21
7.43814	2.14806e-21
7.44779	2.1239e-21
7.45741	2.2503e-21
7.46706	2.32336e-21
7.47671	2.30219e-21
7.48636	2.39006e-21
7.49601	2.53192e-21
7.50566	2.53758e-21
7.51531	2.49025e-21
7.52496	2.53643e-21
7.53461	2.61488e-21
7.54426	2.69135e-21
7.55391	2.79964e-21
7.56356	2.82535e-21
7.57321	2.71346e-21
7.58283	2.66263e-21
7.59248	2.74059e-21
7.60213	2.73848e-21
7.61178	2.63028e-21
7.62143	2.61575e-21
7.63108	2.6682e-21
7.64073	2.61414e-21
7.65039	2.51561e-21
7.66004	2.47756e-21
7.66969	2.4078e-21
7.67934	2.3005e-21
7.68899	2.30908e-21
7.69864	2.36738e-21
7.70826	2.28413e-21
7.71791	2.12625e-21
7.72756	2.07907e-21
7.73721	2.10313e-21
7.74686	2.07325e-21
7.75651	1.997e-21
7.76616	1.97833e-21
7.77581	1.96463e-21
7.78546	1.87791e-21
7.79511	1.71366e-21
7.80476	1.60379e-21
7.81441	1.61468e-21
7.82406	1.65687e-21
7.83368	1.59526e-21
7.84333	1.47219e-21
7.85298	1.40779e-21
7.86263	1.37855e-21
7.87228	1.32233e-21
7.88193	1.26169e-21
7.89158	1.2201e-21
7.90123	1.18134e-21
7.91088	1.18232e-21
7.92053	1.22763e-21
7.93018	1.1846e-21
7.93984	1.06752e-21
7.94949	1.08494e-21
7.9591	1.20955e-21
7.96876	1.25432e-21
7.97841	1.24495e-21
7.98806	1.29314e-21
7.99771	1.33132e-21
8.00736	1.32208e-21
8.01701	1.41566e-21
8.02666	1.60888e-21
8.03631	1.72074e-21
8.04596	1.78334e-21
8.05561	1.93319e-21
8.06526	2.05121e-21
8.07491	2.03686e-21
8.08453	2.0925e-21
8.09418	2.29958e-21
8.10383	2.44152e-21
8.11348	2.45526e-21
8.12313	2.48658e-21
8.13278	2.56056e-21
8.14243	2.60146e-21
8.15208	2.63792e-21
8.16173	2.64316e-21
8.17138	2.59317e-21
8.18103	2.60922e-21
8.19068	2.72491e-21
8.20033	2.71074e-21
8.20995	2.53548e-21
8.2196	2.47975e-21
8.22925	2.59152e-21
8.2389	2.60926e-21
8.24855	2.55039e-21
8.25821	2.56795e-21
8.26786	2.53436e-21
8.27751	2.36945e-21
8.28716	2.30281e-21
8.29681	2.36624e-21
8.30646	2.31983e-21
8.31611	2.21572e-21
8.32576	2.25491e-21
8.33538	2.27241e-21
8.34503	2.0978e-21
8.35468	1.98589e-21
8.36433	2.05837e-21
8.37398	2.05653e-21
8.38363	1.94195e-21
8.39328	1.93027e-21
8.40293	1.95312e-21
8.41258	1.85824e-21
8.42223	1.80068e-21
8.43188	1.852e-21
8.44153	1.8058e-21
8.45118	1.69449e-21
8.4608	1.77397e-21
8.47045	1.89171e-21
8.4801	1.76302e-21
8.48975	1.57923e-21
8.4994	1.63164e-21
8.50905	1.77811e-21
8.5187	1.81351e-21
8.52835	1.8323e-21
8.538	1.89338e-21
8.54766	1.91873e-21
8.55731	1.93305e-21
8.56696	2.00524e-21
8.57661	2.07234e-21
8.58623	2.12062e-21
8.59588	2.23324e-21
8.60553	2.32969e-21
8.61518	2.31814e-21
8.62483	2.31375e-21
8.63448	2.38587e-21
8.64413	2.42434e-21
8.65378	2.41691e-21
8.66343	2.44704e-21
8.67308	2.45737e-21
8.68273	2.38783e-21
8.69238	2.34719e-21
8.70203	2.35894e-21
8.71165	2.30109e-21
8.7213	2.21896e-21
8.73095	2.27133e-21
8.7406	2.3626e-21
8.75025	2.29743e-21
8.7599	2.13728e-21
8.76955	2.05152e-21
8.7792	2.03877e-21
8.78885	2.05137e-21
8.7985	2.06496e-21
8.80815	2.0154e-21
8.8178	1.91156e-21
8.82745	1.87209e-21
8.83707	1.88594e-21
8.84672	1.84022e-21
8.85638	1.76142e-21
8.86603	1.77448e-21
8.87568	1.83788e-21
8.88533	1.83322e-21
8.89498	1.76612e-21
8.90463	1.75749e-21
8.91428	1.80586e-21
8.92393	1.88597e-21
8.93358	1.91924e-21
8.94323	1.94038e-21
8.95288	2.0026e-21
8.9625	2.07683e-21
8.97215	2.06511e-21
8.9818	2.00784e-21
8.99145	2.05885e-21
9.0011	2.17551e-21
9.01075	2.24733e-21
9.0204	2.30632e-21
9.03005	2.38498e-21
9.0397	2.34689e-21
9.04935	2.27786e-21
9.059	2.39763e-21
9.06865	2.59182e-21
9.07827	2.59597e-21
9.08792	2.52903e-21
9.09757	2.62144e-21
9.10722	2.73833e-21
9.11687	2.71167e-21
9.12652	2.69994e-21
9.13617	2.78957e-21
9.14583	2.8309e-21
9.15548	2.81836e-21
9.16513	2.84169e-21
9.17478	2.80699e-21
9.18443	2.68515e-21
9.19408	2.6715e-21
9.2037	2.75928e-21
9.21335	2.72362e-21
9.223	2.63893e-21
9.23265	2.69616e-21
9.2423	2.73247e-21
9.25195	2.57857e-21
9.2616	2.44857e-21
9.27125	2.49149e-21
9.2809	2.52815e-21
9.29055	2.48537e-21
9.3002	2.45488e-21
9.30985	2.37347e-21
9.3195	2.21485e-21
9.32912	2.15998e-21
9.33877	2.20821e-21
9.34842	2.14177e-21
9.35807	1.99144e-21
9.36772	1.94119e-21
9.37737	1.90737e-21
9.38702	1.78874e-21
9.39667	1.72373e-21
9.40632	1.73243e-21
9.41597	1.67329e-21
9.42562	1.64346e-21
9.43528	1.75868e-21
9.44493	1.77497e-21
9.45454	1.61106e-21
9.4642	1.56839e-21
9.47385	1.72003e-21
9.4835	1.75996e-21
9.49315	1.69715e-21
9.5028	1.81038e-21
9.51245	1.97879e-21
9.5221	1.95543e-21
9.53175	1.88634e-21
9.5414	1.99424e-21
9.55105	2.1392e-21
9.5607	2.22113e-21
9.57035	2.34458e-21
9.57997	2.44515e-21
9.58962	2.42949e-21
9.59927	2.47564e-21
9.60892	2.68896e-21
9.61857	2.84226e-21
9.62822	2.85043e-21
9.63787	2.91607e-21
9.64752	3.05708e-21
9.65717	3.09623e-21
9.66682	3.06255e-21
9.67647	3.08236e-21
9.68612	3.10138e-21
9.69577	3.1025e-21
9.70539	3.15478e-21
9.71504	3.20503e-21
9.72469	3.1376e-21
9.73434	3.02063e-21
9.74399	2.97751e-21
9.75365	2.97142e-21
9.7633	2.93969e-21
9.77295	2.90003e-21
9.7826	2.87198e-21
9.79225	2.82121e-21
9.8019	2.75976e-21
9.81155	2.65676e-21
9.8212	2.55664e-21
9.83082	2.55496e-21
9.84047	2.60716e-21
9.85012	2.51741e-21
9.85977	2.30093e-21
9.86942	2.18318e-21
9.87907	2.18457e-21
9.88872	2.12502e-21
9.89837	1.99825e-21
9.90802	1.93219e-21
9.91767	1.9175e-21
9.92732	1.87743e-21
9.93697	1.79862e-21
9.94662	1.70509e-21
9.95624	1.60022e-21
9.96589	1.56263e-21
9.97554	1.60331e-21
9.98519	1.63386e-21
9.99484	1.60169e-21
10.0045	1.56276e-21
10.0141	1.53318e-21
10.0238	1.51881e-21
10.0334	1.56049e-21
10.0431	1.60738e-21
10.0527	1.61365e-21
10.0624	1.61231e-21
10.072	1.64605e-21
10.0817	1.61693e-21
10.0913	1.55774e-21
10.101	1.62411e-21
10.1106	1.76362e-21
10.1203	1.80032e-21
10.1299	1.77439e-21
10.1396	1.78029e-21
10.1492	1.78181e-21
10.1589	1.77937e-21
10.1685	1.8449e-21
10.1782	1.88988e-21
10.1878	1.84736e-21
10.1975	1.88924e-21
10.2071	2.06689e-21
10.2167	2.07687e-21
10.2264	1.90632e-21
10.236	1.90244e-21
10.2457	2.08948e-21
10.2553	2.12258e-21
10.265	2.04613e-21
10.2746	2.08253e-21
10.2843	2.11887e-21
10.2939	2.01826e-21
10.3036	1.99131e-21
10.3132	2.10782e-21
10.3229	2.12634e-21
10.3325	2.04676e-21
10.3422	2.05992e-21
10.3518	2.06066e-21
10.3615	1.91821e-21
10.3711	1.84068e-21
10.3808	1.92455e-21
10.3904	1.9394e-21
10.4001	1.84781e-21
10.4097	1.80847e-21
10.4194	1.78354e-21
10.429	1.68402e-21
10.4387	1.626e-21
10.4483	1.61769e-21
10.4579	1.51536e-21
10.4676	1.41996e-21
10.4772	1.4912e-21
10.4869	1.52772e-21
10.4965	1.35732e-21
10.5062	1.22164e-21
10.5158	1.28699e-21
10.5255	1.35837e-21
10.5351	1.33804e-21
10.5448	1.34079e-21
10.5544	1.32588e-21
10.5641	1.24122e-21
10.5737	1.24535e-21
10.5834	1.33895e-21
10.593	1.35042e-21
10.6027	1.33631e-21
10.6123	1.45055e-21
10.622	1.5179e-21
10.6316	1.39924e-21
10.6413	1.35048e-21
10.6509	1.47796e-21
10.6606	1.54148e-21
10.6702	1.49916e-21
10.6799	1.56138e-21
10.6895	1.67818e-21
10.6991	1.67734e-21
10.7088	1.67713e-21
10.7184	1.78547e-21
10.7281	1.85426e-21
10.7377	1.83977e-21
10.7474	1.94956e-21
10.757	2.12069e-21
10.7667	2.1382e-21
10.7763	2.04894e-21
10.786	2.07332e-21
10.7956	2.21031e-21
10.8053	2.33663e-21
10.8149	2.38104e-21
10.8246	2.3721e-21
10.8342	2.34732e-21
10.8439	2.36276e-21
10.8535	2.39536e-21
10.8632	2.39697e-21
10.8728	2.40542e-21
10.8825	2.47719e-21
10.8921	2.54066e-21
10.9018	2.53128e-21
10.9114	2.49065e-21
10.9211	2.4825e-21
10.9307	2.49932e-21
10.9404	2.53654e-21
10.95	2.54268e-21
10.9596	2.50069e-21
10.9693	2.47952e-21
10.9789	2.5157e-21
10.9886	2.48843e-21
10.9982	2.38491e-21
