0.529993	1.44782e-21
0.530636	1.44552e-21
0.531279	1.44322e-21
0.531922	1.44096e-21
0.532565	1.43874e-21
0.533209	1.4366e-21
0.568589	1.46513e-21
0.610371	1.34464e-21
0.66505	1.16131e-21
0.710079	1.05575e-21
0.761542	8.29523e-22
0.819438	8.35657e-22
0.860576	8.52501e-22
0.915898	9.48867e-22
0.960284	1.01089e-21
1.01239	1.38324e-21
1.07029	1.38482e-21
1.11014	1.31092e-21
1.16675	1.05015e-21
1.21049	1.05503e-21
1.26324	9.87573e-22
1.3102	8.8142e-22
1.36034	8.45663e-22
1.41759	9.62047e-22
1.46005	1.06256e-21
1.51409	1.22077e-21
1.5604	1.26541e-21
1.61055	1.16598e-21
1.66844	1.11361e-21
1.71026	1.08009e-21
1.76494	9.26239e-22
1.81061	9.49887e-22
1.8614	1.03649e-21
1.91929	1.12034e-21
1.96046	1.21094e-21
2.01578	1.26322e-21
2.06017	1.32316e-21
2.11224	1.14074e-21
2.17014	1.08736e-21
2.21002	1.04509e-21
2.26663	1.09105e-21
2.31037	9.31024e-22
2.36309	1.01489e-21
2.41005	1.02734e-21
2.46023	1.04782e-21
2.51748	1.18099e-21
2.56058	1.33229e-21
2.61394	1.21448e-21
2.66026	1.14412e-21
2.71043	9.78258e-22
2.76833	9.04243e-22
2.81014	7.74115e-22
2.86479	8.81798e-22
2.91046	8.11934e-22
2.96128	1.00227e-21
3.01918	1.03047e-21
3.06035	1.07357e-21
3.11564	9.0013e-22
3.16002	8.71557e-22
3.21213	9.03668e-22
3.27002	8.00588e-22
3.31055	6.49377e-22
3.36649	6.12332e-22
3.41023	7.53074e-22
3.46298	8.93317e-22
3.51058	1.07642e-21
3.56011	1.24478e-21
3.61733	1.2853e-21
3.66043	1.29864e-21
3.71383	1.45535e-21
3.76014	1.50798e-21
3.81032	1.46221e-21
3.86818	1.36858e-21
3.91064	1.34723e-21
3.96467	1.22984e-21
4.01035	1.36366e-21
4.06117	1.20628e-21
4.11903	1.1934e-21
4.1602	9.79082e-22
4.21552	9.16211e-22
4.26055	8.15608e-22
4.31201	9.07696e-22
4.36988	9.38567e-22
4.4104	1.05063e-21
4.46637	1.17141e-21
4.51011	1.43299e-21
4.56286	1.63154e-21
4.61043	1.56387e-21
4.66061	1.26865e-21
4.71722	1.22319e-21
4.76032	1.05035e-21
4.81371	1.04745e-21
4.86064	9.75955e-22
4.91017	1.00636e-21
4.96807	1.06956e-21
5.01052	1.16238e-21
5.06456	1.23492e-21
5.1102	1.3279e-21
5.16102	1.42517e-21
5.21891	1.3438e-21
5.26008	1.30645e-21
5.31541	1.16445e-21
5.3604	1.11279e-21
5.41187	1.08583e-21
5.46976	1.07684e-21
5.51029	1.09174e-21
5.56622	1.16905e-21
5.61061	1.13328e-21
5.66272	1.15848e-21
5.71032	1.16842e-21
5.76049	1.25192e-21
5.81707	1.23416e-21
5.86017	1.40524e-21
5.91356	1.3569e-21
5.96052	1.3671e-21
6.01006	1.25811e-21
6.06792	1.35034e-21
6.11038	1.2389e-21
6.16441	1.17054e-21
6.21008	1.0296e-21
6.2609	1.03535e-21
6.31877	1.14094e-21
6.36058	1.25087e-21
6.41526	1.36547e-21
6.46029	1.45024e-21
6.51175	1.30537e-21
6.56962	1.13502e-21
6.61014	9.97369e-22
6.66611	8.95427e-22
6.71049	7.93309e-22
6.7626	7.66896e-22
6.8102	6.351e-22
6.86035	6.93891e-22
6.91696	8.7941e-22
6.96006	9.61116e-22
7.01345	1.10124e-21
7.06041	1.04931e-21
7.11055	9.85043e-22
7.1678	8.37363e-22
7.21026	8.57815e-22
7.2643	7.4234e-22
7.31061	7.49835e-22
7.36076	8.06799e-22
7.41865	1.202e-21
7.46047	1.42552e-21
7.51514	1.55676e-21
7.56017	1.54888e-21
7.61161	1.48164e-21
7.6695	1.22862e-21
7.71003	1.18316e-21
7.76599	8.87101e-22
7.81038	8.24312e-22
7.86245	6.87886e-22
7.91006	7.93313e-22
7.96023	7.71747e-22
8.01684	1.11793e-21
8.06058	1.24317e-21
8.1133	1.24301e-21
8.16026	1.18726e-21
8.21044	1.18281e-21
8.26769	1.16736e-21
8.26833	1.16753e-21
8.26898	1.16728e-21
8.26962	1.16661e-21
8.27026	1.16548e-21
8.27091	1.16389e-21
8.27155	1.16182e-21
8.27219	1.15927e-21
8.27284	1.15624e-21
8.27348	1.15273e-21
8.27412	1.14874e-21
8.27476	1.14428e-21
8.27541	1.13937e-21
8.27605	1.13402e-21
8.27669	1.12827e-21
8.28699	1.02265e-21
8.28763	1.01649e-21
8.31015	1.08762e-21
8.36415	9.8693e-22
8.41047	1.04093e-21
8.46064	1.04158e-21
8.51852	1.07604e-21
8.56033	1.14029e-21
8.61501	1.21759e-21
8.66004	1.12752e-21
8.7115	1.06998e-21
8.76936	9.4827e-22
8.81053	7.64417e-22
8.86586	7.49972e-22
8.91024	7.6902e-22
8.96235	1.04815e-21
9.02021	1.17008e-21
9.06009	1.33828e-21
9.1167	1.25687e-21
9.16045	1.31263e-21
9.2132	1.25926e-21
9.26012	1.15324e-21
9.27106	1.14342e-21
9.2717	1.14402e-21
9.27235	1.1447e-21
9.27299	1.14543e-21
9.27363	1.14617e-21
9.27428	1.14688e-21
9.27492	1.14751e-21
9.27556	1.14804e-21
9.27621	1.1484e-21
9.27685	1.14858e-21
9.27749	1.14851e-21
9.27813	1.14817e-21
9.27878	1.14752e-21
9.27942	1.14653e-21
9.28006	1.14515e-21
9.29036	1.05386e-21
9.3103	9.07724e-22
9.36755	8.32718e-22
9.41001	7.86784e-22
9.46404	8.62782e-22
9.51033	8.40762e-22
9.5605	1.11205e-21
9.6184	1.30402e-21
9.66021	1.5172e-21
9.71489	1.51059e-21
9.76053	1.6578e-21
9.81135	1.50603e-21
9.86925	1.42359e-21
9.91042	1.32704e-21
9.96574	1.31238e-21
10.0101	1.30754e-21
10.0622	1.32283e-21
10.1201	1.31815e-21
10.1606	1.39563e-21
10.2166	1.49218e-21
10.2603	1.45732e-21
10.313	1.3436e-21
10.36	1.26534e-21
10.4102	1.17891e-21
10.4674	1.22227e-21
10.5105	1.1456e-21
10.5639	1.01902e-21
10.6102	9.78496e-22
10.6604	8.44309e-22
10.7183	1.0113e-21
10.7601	1.02548e-21
10.8148	9.367e-22
10.8604	7.57568e-22
10.9112	1.03386e-21
10.9691	1.17433e-21
