0.399993	4.84943e-23
0.400636	4.87409e-23
0.401279	4.89812e-23
0.401922	4.92125e-23
0.402565	4.94325e-23
0.403209	4.96386e-23
0.438589	4.46277e-23
0.480371	4.57277e-23
0.53505	5.08098e-23
0.580079	6.01878e-23
0.631542	7.39026e-23
0.689438	7.44639e-23
0.730576	6.89015e-23
0.785898	5.68344e-23
0.830284	5.36794e-23
0.882391	4.88214e-23
0.940286	4.63431e-23
0.980138	4.69832e-23
1.03675	5.477e-23
1.08049	6.08046e-23
1.13324	7.0143e-23
1.1802	7.4441e-23
1.23034	6.54693e-23
1.28759	5.97257e-23
1.33005	5.63394e-23
1.38409	5.22373e-23
1.4304	4.88635e-23
1.48055	4.91825e-23
1.53844	5.36044e-23
1.58026	5.92286e-23
1.63494	6.4757e-23
1.68061	6.51966e-23
1.7314	6.13779e-23
1.78929	5.09284e-23
1.83046	4.72246e-23
1.88578	4.72355e-23
1.93017	4.59504e-23
1.98224	4.8927e-23
2.04014	5.28695e-23
2.08002	6.01329e-23
2.13663	6.4466e-23
2.18037	6.26436e-23
2.23309	5.72988e-23
2.28005	5.52131e-23
2.33023	5.36195e-23
2.38748	5.24153e-23
2.43058	5.41937e-23
2.48394	4.90376e-23
2.53026	4.94222e-23
2.58043	5.58049e-23
2.63833	6.28883e-23
2.68014	6.24202e-23
2.73479	5.95469e-23
2.78046	5.52648e-23
2.83128	4.9827e-23
2.88918	4.45879e-23
2.93035	4.34498e-23
2.98564	4.79741e-23
3.03002	4.91261e-23
3.08213	4.90138e-23
3.14002	5.11951e-23
3.18055	4.92855e-23
3.23649	4.56748e-23
3.28023	4.10431e-23
3.33298	4.13166e-23
3.38058	3.40874e-23
3.43011	3.30148e-23
3.48733	3.14906e-23
3.53043	4.03622e-23
3.58383	4.93701e-23
3.63014	5.87374e-23
3.68032	6.38422e-23
3.73818	6.58085e-23
3.78064	6.57902e-23
3.83467	7.18595e-23
3.88035	7.08795e-23
3.93117	6.5842e-23
3.98903	5.93055e-23
4.0302	5.92648e-23
4.08552	5.89506e-23
4.13055	6.19147e-23
4.18201	5.60852e-23
4.23988	5.07784e-23
4.2804	4.32237e-23
4.33637	4.03978e-23
4.38011	4.22595e-23
4.43286	4.6042e-23
4.48043	4.82792e-23
4.53061	5.63174e-23
4.58722	6.97248e-23
4.63032	7.55926e-23
4.68371	7.69897e-23
4.73064	7.02194e-23
4.78017	5.92982e-23
4.83807	5.21398e-23
4.88052	4.88815e-23
4.93456	5.02027e-23
4.9802	4.88083e-23
5.03102	4.76144e-23
5.08891	5.47197e-23
5.13008	6.19505e-23
5.18541	6.89913e-23
5.2304	6.91642e-23
5.28187	7.02005e-23
5.33976	6.10062e-23
5.38029	5.67366e-23
5.43622	5.10928e-23
5.48061	5.41824e-23
5.53272	5.24267e-23
5.58032	5.42712e-23
5.63049	5.67276e-23
5.68707	6.09197e-23
5.73017	5.80036e-23
5.78356	5.85616e-23
5.83052	5.90463e-23
5.88006	6.12468e-23
5.93792	6.12489e-23
5.98038	6.28491e-23
6.03441	6.00295e-23
6.08008	6.2053e-23
6.1309	5.7894e-23
6.18877	5.776e-23
6.23058	5.33062e-23
6.28526	5.03991e-23
6.33029	4.71943e-23
6.38175	5.25978e-23
6.43962	5.59275e-23
6.48014	5.78976e-23
6.53611	5.67972e-23
6.58049	5.35638e-23
6.6326	4.9162e-23
6.6802	4.66346e-23
6.73035	4.49638e-23
6.78696	4.05327e-23
6.83006	3.32112e-23
6.88345	3.08246e-23
6.93041	3.35301e-23
6.98055	3.98458e-23
7.0378	4.65092e-23
7.08026	5.41324e-23
7.1343	5.54205e-23
7.18061	5.53093e-23
7.23076	5.61127e-23
7.28865	5.55189e-23
7.33047	5.56577e-23
7.38514	5.30107e-23
7.43017	5.90154e-23
7.48161	6.15342e-23
7.5395	7.06068e-23
7.58003	7.08478e-23
7.63599	7.0144e-23
7.68038	6.06754e-23
7.73245	5.50425e-23
7.78006	5.1164e-23
7.83023	4.29804e-23
7.88684	3.29315e-23
7.93058	3.14509e-23
7.9833	3.32554e-23
8.03026	4.40458e-23
8.08044	5.41828e-23
8.13769	6.81299e-23
8.13833	6.81939e-23
8.13898	6.8255e-23
8.13962	6.83137e-23
8.14026	6.83708e-23
8.14091	6.84271e-23
8.14155	6.8483e-23
8.14219	6.85392e-23
8.14284	6.85961e-23
8.14348	6.86542e-23
8.14412	6.87137e-23
8.14476	6.87749e-23
8.14541	6.88377e-23
8.14605	6.89022e-23
8.14669	6.89681e-23
8.15699	7.0206e-23
8.15763	7.02134e-23
8.18015	6.90387e-23
8.23415	6.94737e-23
8.28047	6.14748e-23
8.33064	6.04197e-23
8.38852	5.09871e-23
8.43033	4.89689e-23
8.48501	4.36953e-23
8.53004	4.86677e-23
8.5815	5.53324e-23
8.63936	6.42042e-23
8.68053	6.35298e-23
8.73586	6.1957e-23
8.78024	5.37041e-23
8.83235	5.0033e-23
8.89021	4.76601e-23
8.93009	5.03252e-23
8.9867	5.3162e-23
9.03045	6.30759e-23
9.0832	6.75601e-23
9.13012	7.20725e-23
9.14106	7.51212e-23
9.1417	7.51862e-23
9.14235	7.52381e-23
9.14299	7.52773e-23
9.14363	7.53044e-23
9.14428	7.53202e-23
9.14492	7.53255e-23
9.14556	7.53213e-23
9.14621	7.53088e-23
9.14685	7.52892e-23
9.14749	7.52639e-23
9.14813	7.52341e-23
9.14878	7.52014e-23
9.14942	7.5167e-23
9.15006	7.51323e-23
9.16036	7.48724e-23
9.1803	7.2462e-23
9.23755	7.24796e-23
9.28001	6.71986e-23
9.33404	5.79146e-23
9.38033	4.96859e-23
9.4305	4.49202e-23
9.4884	4.53327e-23
9.53021	5.01896e-23
9.58489	6.49362e-23
9.63053	7.53252e-23
9.68135	8.24912e-23
9.73925	7.92301e-23
9.78042	7.62729e-23
9.83574	6.83578e-23
9.88009	5.81988e-23
9.9322	4.84576e-23
9.9901	4.27289e-23
10.0306	4.07371e-23
10.0866	4.16835e-23
10.1303	4.67189e-23
10.183	4.94549e-23
10.23	4.96815e-23
10.2802	5.58212e-23
10.3374	5.41911e-23
10.3805	5.10805e-23
10.4339	4.33049e-23
10.4802	4.03118e-23
10.5304	3.59285e-23
10.5883	3.60514e-23
10.6301	3.7754e-23
10.6848	4.28867e-23
10.7304	4.92891e-23
10.7812	5.38349e-23
10.8391	6.25723e-23
10.8803	6.52502e-23
10.9356	6.67337e-23
10.9806	6.65565e-23
