0.139673	9.84067e-21
0.149323	9.02137e-21
0.158974	8.45786e-21
0.168593	8.23504e-21
0.178244	7.72329e-21
0.187894	7.18224e-21
0.197544	7.14269e-21
0.207195	7.1062e-21
0.216845	6.70099e-21
0.226496	6.4417e-21
0.236146	6.33461e-21
0.245796	5.82452e-21
0.255447	5.30956e-21
0.265097	5.51956e-21
0.274748	5.98165e-21
0.284398	5.90384e-21
0.294017	5.48396e-21
0.303668	5.18932e-21
0.313318	5.11145e-21
0.322969	5.25747e-21
0.332619	5.39157e-21
0.342269	5.09598e-21
0.35192	4.76938e-21
0.36157	5.05699e-21
0.371221	5.47425e-21
0.380871	5.24676e-21
0.390521	5.00337e-21
0.400172	5.5197e-21
0.409822	6.1774e-21
0.419442	6.2675e-21
0.429092	6.33143e-21
0.438742	6.84762e-21
0.448393	7.28969e-21
0.458043	7.30132e-21
0.467694	7.43031e-21
0.477344	7.99852e-21
0.486994	8.64236e-21
0.496645	9.03034e-21
0.506295	9.23989e-21
0.515946	9.3618e-21
0.525596	9.3013e-21
0.535246	9.09971e-21
0.544866	9.11619e-21
0.554516	9.47153e-21
0.564167	9.57962e-21
0.573817	9.06676e-21
0.583467	8.58538e-21
0.593118	8.69395e-21
0.602768	8.85571e-21
0.612419	8.53644e-21
0.622069	8.17297e-21
0.631719	8.10083e-21
0.64137	8.00401e-21
0.65102	7.80244e-21
0.660671	7.62409e-21
0.67029	7.21155e-21
0.67994	6.7087e-21
0.689591	6.80854e-21
0.699241	7.18027e-21
0.708892	6.87403e-21
0.718542	6.33273e-21
0.728192	6.45119e-21
0.737843	6.52869e-21
0.747493	5.76125e-21
0.757144	5.2323e-21
0.766794	5.70949e-21
0.776444	6.09549e-21
0.786095	5.67922e-21
0.795714	5.40276e-21
0.805364	5.54009e-21
0.815015	5.47458e-21
0.824665	5.40368e-21
0.834316	5.7531e-21
0.843966	5.9349e-21
0.853617	5.62257e-21
0.863267	5.50468e-21
0.872917	5.73957e-21
0.882568	5.81871e-21
0.892218	5.83585e-21
0.901869	6.02315e-21
0.911519	6.1011e-21
0.921138	6.25009e-21
0.930789	6.84613e-21
0.940439	7.16071e-21
0.95009	6.64857e-21
0.95974	6.468e-21
0.96939	7.26021e-21
0.979041	7.78631e-21
0.988691	7.593e-21
0.998342	7.87375e-21
1.00799	8.64342e-21
1.01764	8.6848e-21
1.02729	8.2891e-21
1.03691	8.48386e-21
1.04656	8.88302e-21
1.05621	8.84782e-21
1.06586	8.84076e-21
1.07551	8.84524e-21
1.08516	8.28838e-21
1.09481	7.84797e-21
1.10446	8.2341e-21
1.11412	8.43602e-21
1.12377	7.76428e-21
1.13342	7.40509e-21
1.14307	7.73456e-21
1.15272	7.59951e-21
1.16234	6.88656e-21
1.17199	6.68915e-21
1.18164	6.82138e-21
1.19129	6.48583e-21
1.20094	6.31657e-21
1.21059	6.83616e-21
1.22024	7.04897e-21
1.22989	6.41645e-21
1.23954	5.99994e-21
1.24919	6.25854e-21
1.25884	6.42664e-21
1.26849	6.17086e-21
1.27814	5.99899e-21
1.28776	6.05797e-21
1.29741	6.03042e-21
1.30706	5.78581e-21
1.31671	5.50291e-21
1.32636	5.50257e-21
1.33601	5.88378e-21
1.34566	6.1081e-21
1.35531	5.74326e-21
1.36496	5.32716e-21
1.37461	5.48508e-21
1.38426	5.83038e-21
1.39391	5.80034e-21
1.40357	5.70976e-21
1.41318	5.97327e-21
1.42284	6.42601e-21
1.43249	6.79153e-21
1.44214	6.96631e-21
1.45179	6.90375e-21
1.46144	6.83137e-21
1.47109	7.07303e-21
1.48074	7.49191e-21
1.49039	7.74851e-21
1.50004	7.86218e-21
1.50969	7.92049e-21
1.51934	7.84576e-21
1.52899	7.81725e-21
1.53861	8.04992e-21
1.54826	8.26729e-21
1.55791	8.19451e-21
1.56756	8.06105e-21
1.57721	8.01249e-21
1.58686	7.82531e-21
1.59651	7.52591e-21
1.60616	7.41125e-21
1.61581	7.52574e-21
1.62546	7.67685e-21
1.63511	7.63177e-21
1.64476	7.25729e-21
1.65441	6.91397e-21
1.66403	7.05199e-21
1.67368	7.15386e-21
1.68333	6.47887e-21
1.69298	5.87749e-21
1.70263	6.35366e-21
1.71229	6.96101e-21
1.72194	6.45517e-21
1.73159	5.79949e-21
1.74124	6.01337e-21
1.75089	6.28117e-21
1.76054	6.03661e-21
1.77019	6.11207e-21
1.77984	6.51856e-21
1.78946	6.27008e-21
1.79911	5.78846e-21
1.80876	6.02412e-21
1.81841	6.3898e-21
1.82806	6.2242e-21
1.83771	6.32326e-21
1.84736	6.84511e-21
1.85701	6.82496e-21
1.86666	6.41903e-21
1.87631	6.52766e-21
1.88596	6.76567e-21
1.89561	6.5462e-21
1.90526	6.60064e-21
1.91488	7.11863e-21
1.92453	7.18573e-21
1.93418	6.9926e-21
1.94383	7.46234e-21
1.95348	7.95909e-21
1.96313	7.58125e-21
1.97278	7.30176e-21
1.98243	7.9864e-21
1.99208	8.6467e-21
2.00174	8.46689e-21
2.01139	8.11747e-21
2.02104	8.08568e-21
2.03069	8.19087e-21
2.04031	8.47113e-21
2.04996	8.72704e-21
2.05961	8.4716e-21
2.06926	8.10943e-21
2.07891	8.20363e-21
2.08856	8.11571e-21
2.09821	7.44234e-21
2.10786	7.20189e-21
2.11751	7.67374e-21
2.12716	7.66971e-21
2.13681	7.14849e-21
2.14646	7.19872e-21
2.15611	7.54646e-21
2.16573	7.19996e-21
2.17538	6.76188e-21
2.18503	7.02507e-21
2.19468	7.21119e-21
2.20433	6.81539e-21
2.21398	6.75663e-21
2.22363	7.18363e-21
2.23328	7.05737e-21
2.24293	6.46637e-21
2.25258	6.42122e-21
2.26223	6.86288e-21
2.27188	7.05476e-21
2.28153	6.90305e-21
2.29115	6.58974e-21
2.3008	6.15866e-21
2.31045	5.98845e-21
2.32011	6.29729e-21
2.32976	6.50837e-21
2.33941	6.25174e-21
2.34906	6.1189e-21
2.35871	6.41998e-21
2.36836	6.56901e-21
2.37801	6.24362e-21
2.38766	5.96773e-21
2.39731	6.16527e-21
2.40696	6.49521e-21
2.41658	6.47817e-21
2.42623	6.29783e-21
2.43588	6.46007e-21
2.44553	6.85031e-21
2.45518	6.86947e-21
2.46483	6.64254e-21
2.47448	6.84935e-21
2.48413	7.39556e-21
2.49378	7.56435e-21
2.50343	7.40884e-21
2.51308	7.46118e-21
2.52273	7.52618e-21
2.53238	7.37213e-21
2.542	7.57245e-21
2.55165	8.25778e-21
2.5613	8.54404e-21
2.57095	8.14049e-21
2.5806	7.8459e-21
2.59025	7.98e-21
2.5999	8.09149e-21
2.60956	7.9553e-21
2.61921	7.72586e-21
2.62886	7.53538e-21
2.63851	7.57637e-21
2.64816	7.7368e-21
2.65778	7.46587e-21
2.66743	6.87472e-21
2.67708	6.78201e-21
2.68673	7.06087e-21
2.69638	6.82494e-21
2.70603	6.29772e-21
2.71568	6.27203e-21
2.72533	6.34956e-21
2.73498	5.91934e-21
2.74463	5.55111e-21
2.75428	5.67251e-21
2.76393	5.81448e-21
2.77358	5.88511e-21
2.7832	6.06958e-21
2.79285	5.84315e-21
2.8025	5.16647e-21
2.81215	5.069e-21
2.8218	5.62359e-21
2.83145	5.64189e-21
2.8411	5.27228e-21
2.85075	5.48935e-21
2.8604	5.75496e-21
2.87005	5.38187e-21
2.8797	5.31981e-21
2.88935	5.90721e-21
2.89901	5.87245e-21
2.90862	5.27331e-21
2.91827	5.58859e-21
2.92793	6.44535e-21
2.93758	6.21736e-21
2.94723	5.56035e-21
2.95688	5.96849e-21
2.96653	6.71091e-21
2.97618	6.65742e-21
2.98583	6.54955e-21
2.99548	6.94794e-21
3.00513	7.08448e-21
3.01478	6.72318e-21
3.02443	6.51007e-21
3.03405	6.45249e-21
3.0437	6.4058e-21
3.05335	6.69285e-21
3.063	6.96206e-21
3.07265	6.49433e-21
3.0823	5.87622e-21
3.09195	5.97492e-21
3.1016	6.22321e-21
3.11125	5.91516e-21
3.1209	5.6125e-21
3.13055	5.70023e-21
3.1402	5.66211e-21
3.14985	5.48764e-21
3.15947	5.60561e-21
3.16912	5.69958e-21
3.17877	5.47539e-21
3.18842	5.45751e-21
3.19807	5.79697e-21
3.20772	5.88099e-21
3.21738	5.59435e-21
3.22703	5.33829e-21
3.23668	5.08412e-21
3.24633	4.84175e-21
3.25598	4.94748e-21
3.26563	5.15671e-21
3.27528	4.93083e-21
3.2849	4.64882e-21
3.29455	4.72647e-21
3.3042	4.5974e-21
3.31385	3.98312e-21
3.3235	3.80238e-21
3.33315	4.38892e-21
3.3428	4.66914e-21
3.35245	4.13707e-21
3.3621	3.81627e-21
3.37175	4.2364e-21
3.3814	4.72984e-21
3.39105	4.70239e-21
3.4007	4.56647e-21
3.41032	4.78619e-21
3.41997	5.19637e-21
3.42962	5.36419e-21
3.43927	5.31059e-21
3.44892	5.37679e-21
3.45857	5.58719e-21
3.46822	5.80488e-21
3.47787	6.18872e-21
3.48752	6.78336e-21
3.49717	7.09274e-21
3.50683	6.93528e-21
3.51648	6.89822e-21
3.52613	7.2118e-21
3.53575	7.40188e-21
3.5454	7.46109e-21
3.55505	7.79604e-21
3.5647	8.10963e-21
3.57435	7.99799e-21
3.584	7.90702e-21
3.59365	8.08426e-21
3.6033	8.11276e-21
3.61295	8.09503e-21
3.6226	8.43045e-21
3.63225	8.5276e-21
3.6419	7.95834e-21
3.65155	7.768e-21
3.66117	8.43675e-21
3.67082	8.7177e-21
3.68047	8.18477e-21
3.69012	8.21163e-21
3.69977	9.06627e-21
3.70942	9.49567e-21
3.71907	9.20559e-21
3.72872	9.05453e-21
3.73837	9.16234e-21
3.74802	9.2437e-21
3.75767	9.50769e-21
3.76732	9.84217e-21
3.77697	9.80889e-21
3.78659	9.68193e-21
3.79624	9.75075e-21
3.80589	9.56917e-21
3.81555	9.19805e-21
3.8252	9.30402e-21
3.83485	9.51028e-21
3.8445	9.06611e-21
3.85415	8.60974e-21
3.8638	8.73502e-21
3.87345	8.62325e-21
3.8831	8.09652e-21
3.89275	8.23848e-21
3.9024	8.82419e-21
3.91202	8.57657e-21
3.92167	8.00147e-21
3.93132	8.29231e-21
3.94097	8.7356e-21
3.95062	8.28614e-21
3.96027	7.86175e-21
3.96992	8.19733e-21
3.97957	8.54018e-21
3.98922	8.6294e-21
3.99887	8.86726e-21
4.00852	8.76451e-21
4.01817	8.11341e-21
4.02782	8.03743e-21
4.03744	8.66827e-21
4.04709	8.6411e-21
4.05674	7.91787e-21
4.06639	7.87555e-21
4.07604	8.24236e-21
4.08569	7.81392e-21
4.09534	7.19413e-21
4.105	7.42533e-21
4.11465	7.77429e-21
4.1243	7.37804e-21
4.13003	7.04646e-21
4.13392	6.90766e-21
4.14357	6.83978e-21
4.15322	6.65289e-21
4.16287	6.22277e-21
4.17253	6.04244e-21
4.18218	6.05784e-21
4.19183	5.94231e-21
4.20148	5.83267e-21
4.21113	5.85394e-21
4.22078	5.82791e-21
4.23043	5.66169e-21
4.24008	5.36269e-21
4.2497	5.07919e-21
4.25935	5.21392e-21
4.269	5.77138e-21
4.27865	5.93347e-21
4.2883	5.43395e-21
4.29795	5.16949e-21
4.3076	5.59287e-21
4.31725	6.01243e-21
4.3269	5.97297e-21
4.33655	5.89273e-21
4.3462	6.01864e-21
4.35585	6.09918e-21
4.3655	6.02606e-21
4.37512	5.92546e-21
4.38477	5.94011e-21
4.39442	6.21852e-21
4.40407	6.63052e-21
4.41372	6.78999e-21
4.42337	6.75659e-21
4.43302	6.95048e-21
4.44267	7.30395e-21
4.45232	7.42876e-21
4.46198	7.43267e-21
4.47163	7.70758e-21
4.48128	8.24201e-21
4.49093	8.77549e-21
4.50055	9.10347e-21
4.5102	9.1759e-21
4.51985	9.22004e-21
4.5295	9.50726e-21
4.53915	9.89379e-21
4.5488	1.01436e-20
4.55845	1.03236e-20
4.5681	1.02885e-20
4.57775	9.82236e-21
4.5874	9.54358e-21
4.59705	9.98723e-21
4.6067	1.02692e-20
4.61635	9.65584e-21
4.62597	9.23434e-21
4.63562	9.64063e-21
4.64527	9.62692e-21
4.65492	8.63628e-21
4.66457	8.08996e-21
4.67422	8.42558e-21
4.68387	8.34943e-21
4.69352	7.75123e-21
4.70317	7.6815e-21
4.71282	7.90247e-21
4.72247	7.60642e-21
4.73212	7.25479e-21
4.74177	7.22803e-21
4.75139	7.00958e-21
4.76104	6.77719e-21
4.77069	7.11983e-21
4.78035	7.30699e-21
4.79	6.6186e-21
4.79965	6.12159e-21
4.8093	6.49437e-21
4.81895	6.77825e-21
4.8286	6.59548e-21
4.83825	6.68793e-21
4.8479	6.8322e-21
4.85755	6.39592e-21
4.8672	6.06958e-21
4.87682	6.41708e-21
4.88647	6.57089e-21
4.89612	6.19214e-21
4.90577	6.23303e-21
4.91542	6.75428e-21
4.92507	6.88757e-21
4.93472	6.69141e-21
4.94437	6.68139e-21
4.95402	6.68776e-21
4.96367	6.69809e-21
4.97332	6.99821e-21
4.98297	7.15712e-21
4.99259	6.89504e-21
5.00224	6.9909e-21
5.01189	7.50779e-21
5.02154	7.36448e-21
5.03119	6.8777e-21
5.04084	7.38494e-21
5.05049	8.39071e-21
5.06014	8.29189e-21
5.0698	7.61657e-21
5.07945	7.74299e-21
5.0891	8.24254e-21
5.09875	8.25026e-21
5.1084	8.35401e-21
5.11802	8.85736e-21
5.12767	8.99085e-21
5.13001	8.93916e-21
5.13733	8.77957e-21
5.14698	8.94912e-21
5.15663	9.21674e-21
5.16628	8.94579e-21
5.17593	8.61278e-21
5.18558	8.73366e-21
5.19523	8.88279e-21
5.20488	8.76331e-21
5.2145	8.65231e-21
5.22415	8.53379e-21
5.2338	8.27461e-21
5.24345	8.19167e-21
5.2531	8.37779e-21
5.26275	8.39831e-21
5.2724	8.16453e-21
5.28205	8.04682e-21
5.2917	8.03148e-21
5.30135	7.78137e-21
5.311	7.43692e-21
5.32065	7.50405e-21
5.3303	7.99205e-21
5.33992	8.24051e-21
5.34957	7.79507e-21
5.35922	7.19765e-21
5.36887	7.20949e-21
5.37852	7.55715e-21
5.38817	7.35104e-21
5.39782	6.79799e-21
5.40747	6.79188e-21
5.41713	7.16387e-21
5.42678	7.13554e-21
5.43643	6.86051e-21
5.44608	6.87293e-21
5.45573	6.97401e-21
5.46535	6.93046e-21
5.475	7.05044e-21
5.48465	7.33022e-21
5.4943	7.34511e-21
5.50395	7.1301e-21
5.5136	7.05313e-21
5.52325	7.11625e-21
5.5329	7.26234e-21
5.54255	7.51884e-21
5.5522	7.63991e-21
5.56185	7.51774e-21
5.5715	7.44741e-21
5.58115	7.35308e-21
5.59077	6.95517e-21
5.60042	6.77224e-21
5.61007	7.27016e-21
5.61972	7.59884e-21
5.62937	7.14652e-21
5.63902	6.8332e-21
5.64867	7.22783e-21
5.65832	7.49158e-21
5.66797	7.24336e-21
5.67762	7.12968e-21
5.68727	7.22568e-21
5.69692	7.22747e-21
5.70654	7.42724e-21
5.71619	7.70419e-21
5.72584	7.33574e-21
5.7355	6.91394e-21
5.74515	7.44833e-21
5.7548	8.13092e-21
5.76445	7.86942e-21
5.7741	7.61876e-21
5.78375	8.10931e-21
5.7934	8.16423e-21
5.80305	7.47846e-21
5.8127	7.54821e-21
5.82235	8.40362e-21
5.83197	8.54561e-21
5.84162	8.21385e-21
5.85127	8.55586e-21
5.86092	8.92951e-21
5.87057	8.53616e-21
5.88022	8.38556e-21
5.88987	9.00015e-21
5.89952	9.23167e-21
5.90917	8.7661e-21
5.91882	8.64994e-21
5.92847	8.97061e-21
5.93812	9.02972e-21
5.94777	8.89916e-21
5.95739	8.83432e-21
5.96704	8.67835e-21
5.97669	8.7242e-21
5.98634	9.15732e-21
5.99599	9.13362e-21
6.00564	8.35012e-21
6.01529	7.96419e-21
6.02495	8.39845e-21
6.0346	8.62942e-21
6.04425	8.39572e-21
6.0539	8.44654e-21
6.06355	8.66112e-21
6.0732	8.439e-21
6.08282	8.10219e-21
6.09247	8.06755e-21
6.10212	8.04424e-21
6.11177	7.9739e-21
6.12142	8.06577e-21
6.13107	7.94787e-21
6.14072	7.47292e-21
6.15037	7.30471e-21
6.16002	7.53472e-21
6.16967	7.41189e-21
6.17932	6.99846e-21
6.18897	6.95783e-21
6.19862	7.04087e-21
6.20824	6.72962e-21
6.21789	6.46471e-21
6.22754	6.57091e-21
6.23719	6.45094e-21
6.24684	6.08923e-21
6.25649	6.35004e-21
6.26614	7.12563e-21
6.27579	7.29855e-21
6.28544	6.71901e-21
6.29509	6.44386e-21
6.30474	6.86875e-21
6.3144	7.30929e-21
6.32405	7.27619e-21
6.33367	7.21892e-21
6.34332	7.56956e-21
6.35297	7.96236e-21
6.36262	7.92495e-21
6.37227	7.80286e-21
6.38192	8.13982e-21
6.39157	8.64271e-21
6.40122	8.76188e-21
6.41087	8.70442e-21
6.42052	8.82407e-21
6.43017	8.9353e-21
6.43982	8.96962e-21
6.44947	9.15309e-21
6.45909	9.27456e-21
6.46874	9.139e-21
6.47839	9.21232e-21
6.48804	9.5646e-21
6.49769	9.41929e-21
6.50734	8.69636e-21
6.51699	8.28205e-21
6.52664	8.24855e-21
6.53629	8.01964e-21
6.54594	7.84145e-21
6.55559	7.95284e-21
6.56524	7.60777e-21
6.57489	6.76386e-21
6.58451	6.54571e-21
6.59416	6.9408e-21
6.60381	6.77879e-21
6.61346	6.13628e-21
6.62312	6.06745e-21
6.63277	6.31778e-21
6.64242	6.06667e-21
6.65207	5.65124e-21
6.66172	5.63099e-21
6.67137	5.75278e-21
6.68102	5.81145e-21
6.69067	5.80963e-21
6.70032	5.50433e-21
6.70994	5.11443e-21
6.71959	5.18194e-21
6.72924	5.19292e-21
6.73889	4.49261e-21
6.74854	4.04434e-21
6.75819	4.6077e-21
6.76784	5.02078e-21
6.77749	4.49269e-21
6.78714	4.11809e-21
6.79679	4.31309e-21
6.80644	4.19544e-21
6.81609	3.96573e-21
6.82574	4.45124e-21
6.83536	4.8808e-21
6.84501	4.39454e-21
6.85466	4.13325e-21
6.86431	4.74669e-21
6.87396	5.12037e-21
6.88361	4.93064e-21
6.89326	5.18344e-21
6.90291	5.71765e-21
6.91257	5.712e-21
6.92222	5.6554e-21
6.93187	6.0039e-21
6.94152	6.02913e-21
6.95117	5.74856e-21
6.96079	6.17758e-21
6.97044	6.87439e-21
6.98009	6.74721e-21
6.98974	6.48423e-21
6.99939	6.98385e-21
7.00904	7.28261e-21
7.01869	6.61426e-21
7.02834	6.18596e-21
7.03799	6.718e-21
7.04764	7.18288e-21
7.05729	6.85554e-21
7.06694	6.38066e-21
7.07659	6.22254e-21
7.08621	6.24308e-21
7.09586	6.34974e-21
7.10551	6.38514e-21
7.11516	6.17844e-21
7.12481	5.94338e-21
7.13446	5.8348e-21
7.14411	5.6282e-21
7.15376	5.37901e-21
7.16341	5.38092e-21
7.17306	5.41465e-21
7.18271	5.25937e-21
7.19236	5.27327e-21
7.20202	5.52189e-21
7.21163	5.40975e-21
7.22128	4.9051e-21
7.23094	4.72128e-21
7.24059	4.92916e-21
7.25024	4.943e-21
7.25989	4.78987e-21
7.26954	4.89436e-21
7.27919	5.11803e-21
7.28884	5.07677e-21
7.29849	4.84673e-21
7.30814	4.74132e-21
7.31779	4.98317e-21
7.32741	5.45777e-21
7.33706	5.67223e-21
7.34671	5.382e-21
7.35636	5.13387e-21
7.36601	5.47233e-21
7.37566	6.09751e-21
7.38531	6.46993e-21
7.39496	6.63386e-21
7.40461	6.95192e-21
7.41426	7.49019e-21
7.42391	8.00599e-21
7.43356	8.19266e-21
7.44321	8.20342e-21
7.45283	8.57425e-21
7.46248	9.25157e-21
7.47213	9.60428e-21
7.48178	9.73263e-21
7.49143	1.0188e-20
7.50108	1.05555e-20
7.51073	1.02412e-20
7.52039	9.99801e-21
7.53004	1.04259e-20
7.53969	1.06122e-20
7.54934	1.00633e-20
7.55899	9.82416e-21
7.56864	1.00457e-20
7.57826	9.59423e-21
7.58791	8.78105e-21
7.59756	8.9204e-21
7.60721	9.52812e-21
7.61686	9.23403e-21
7.62651	8.49474e-21
7.63616	8.27904e-21
7.64581	8.23173e-21
7.65546	7.95236e-21
7.66511	7.82512e-21
7.67476	7.6979e-21
7.68441	7.27325e-21
7.69406	7.20429e-21
7.70368	7.5751e-21
7.71333	7.31227e-21
7.72298	6.42716e-21
7.73263	6.18753e-21
7.74228	6.47483e-21
7.75193	6.21873e-21
7.76158	5.74748e-21
7.77123	5.81769e-21
7.78088	5.81953e-21
7.79053	5.31123e-21
7.80018	5.07304e-21
7.80984	5.28836e-21
7.81949	5.31005e-21
7.8291	5.23224e-21
7.83876	5.3503e-21
7.84841	5.1429e-21
7.85806	4.5848e-21
7.86771	4.48949e-21
7.87736	4.78504e-21
7.88701	4.76732e-21
7.89666	4.76928e-21
7.90631	5.07832e-21
7.91596	5.02498e-21
7.92561	4.72533e-21
7.93526	5.10041e-21
7.94491	5.6834e-21
7.95453	5.32127e-21
7.96418	4.96808e-21
7.97383	5.82148e-21
7.98348	6.78741e-21
7.99313	6.54285e-21
8.00278	6.21488e-21
8.01243	6.79349e-21
8.02208	7.38146e-21
8.03173	7.41096e-21
8.04138	7.58088e-21
8.05103	7.95035e-21
8.06068	7.89183e-21
8.07033	7.62539e-21
8.07995	7.61575e-21
8.0896	7.62344e-21
8.09925	7.59197e-21
8.1089	7.87071e-21
8.11855	8.14145e-21
8.12821	7.88243e-21
8.13786	7.49229e-21
8.14751	7.50372e-21
8.15716	7.63877e-21
8.16681	7.55192e-21
8.17646	7.45592e-21
8.18611	7.50538e-21
8.19576	7.54066e-21
8.20538	7.55656e-21
8.21503	7.61928e-21
8.22468	7.59387e-21
8.23433	7.38276e-21
8.24398	7.16843e-21
8.25363	7.21698e-21
8.26328	7.48308e-21
8.27293	7.47441e-21
8.28258	6.8726e-21
8.29223	6.32405e-21
8.30188	6.53272e-21
8.31153	6.99462e-21
8.32118	6.87433e-21
8.3308	6.56796e-21
8.34045	6.74134e-21
8.3501	6.93086e-21
8.35975	6.55378e-21
8.3694	6.16621e-21
8.37905	6.36508e-21
8.3887	6.76644e-21
8.39835	6.85544e-21
8.408	6.73971e-21
8.41766	6.66241e-21
8.42731	6.76356e-21
8.43696	6.99623e-21
8.44661	7.01758e-21
8.45623	6.77272e-21
8.46588	6.7514e-21
8.47553	7.0334e-21
8.48518	7.08694e-21
8.49483	6.91859e-21
8.50448	6.94705e-21
8.51413	6.9484e-21
8.52378	6.77074e-21
8.53343	7.02738e-21
8.54308	7.70705e-21
8.55273	7.75691e-21
8.56238	7.16572e-21
8.57203	7.03074e-21
8.58165	7.36603e-21
8.5913	7.38976e-21
8.60095	7.36366e-21
8.6106	7.69276e-21
8.62025	7.78867e-21
8.6299	7.57962e-21
8.63955	7.70198e-21
8.6492	7.81266e-21
8.65885	7.33252e-21
8.6685	7.15178e-21
8.67815	7.70362e-21
8.6878	7.64578e-21
8.69745	6.71775e-21
8.70707	6.57126e-21
8.71672	7.23743e-21
8.72638	6.97067e-21
8.73603	6.03245e-21
8.74568	6.05058e-21
8.75533	6.60132e-21
8.76498	6.35164e-21
8.77463	5.76336e-21
8.78428	5.61538e-21
8.79393	5.35391e-21
8.80358	4.89204e-21
8.81323	5.04669e-21
8.82288	5.5036e-21
8.8325	5.35026e-21
8.84215	4.94953e-21
8.8518	4.90412e-21
8.86145	4.85735e-21
8.8711	4.71397e-21
8.88075	4.85358e-21
8.8904	4.981e-21
8.90005	4.81584e-21
8.9097	4.95486e-21
8.91935	5.44661e-21
8.929	5.48202e-21
8.93865	5.29481e-21
8.94827	5.80322e-21
8.95792	6.55363e-21
8.96757	6.61943e-21
8.97722	6.54061e-21
8.98687	7.03327e-21
8.99652	7.48848e-21
9.00617	7.42752e-21
9.01583	7.40178e-21
9.02548	7.66502e-21
9.03513	8.00396e-21
9.04478	8.47097e-21
9.05443	8.80618e-21
9.06408	8.42909e-21
9.0737	7.84717e-21
9.08335	8.01642e-21
9.093	8.52904e-21
9.10265	8.40301e-21
9.1123	8.07991e-21
9.12195	8.29083e-21
9.1316	8.49461e-21
9.14125	8.22287e-21
9.1509	8.12246e-21
9.16055	8.45238e-21
9.1702	8.54485e-21
9.17985	8.26711e-21
9.1895	8.23122e-21
9.19912	8.42946e-21
9.20877	8.28555e-21
9.21842	7.82539e-21
9.22807	7.65923e-21
9.23772	7.85985e-21
9.24737	7.88805e-21
9.25702	7.54557e-21
9.26667	7.28365e-21
9.27632	7.31292e-21
9.28597	7.07689e-21
9.29562	6.30802e-21
9.30528	5.77849e-21
9.31493	6.021e-21
9.32454	6.35038e-21
9.3342	6.08483e-21
9.34385	5.60971e-21
9.3535	5.37917e-21
9.36315	5.32505e-21
9.3728	5.40182e-21
9.38245	5.52401e-21
9.3921	5.32382e-21
9.40175	4.96715e-21
9.4114	5.06547e-21
9.42105	5.33631e-21
9.4307	5.07808e-21
9.44035	4.77887e-21
9.44997	5.14193e-21
9.45962	5.54424e-21
9.46927	5.41846e-21
9.47892	5.41821e-21
9.48857	5.77215e-21
9.49822	5.75087e-21
9.50787	5.41662e-21
9.51752	5.60471e-21
9.52717	6.10699e-21
9.53682	6.2941e-21
9.54647	6.49324e-21
9.55612	6.96368e-21
9.56577	7.13803e-21
9.57539	6.96594e-21
9.58504	7.0776e-21
9.59469	7.50469e-21
9.60434	7.91239e-21
9.61399	8.30089e-21
9.62365	8.42734e-21
9.6333	8.14807e-21
9.64295	8.29074e-21
9.6526	9.20792e-21
9.66225	9.65982e-21
9.6719	9.22558e-21
9.68155	9.32011e-21
9.6912	1.02018e-20
9.70082	1.03712e-20
9.71047	9.76455e-21
9.72012	9.79424e-21
9.72977	1.02949e-20
9.73942	1.02214e-20
9.74907	1.01316e-20
9.75872	1.06085e-20
9.76837	1.07381e-20
9.77802	1.02331e-20
9.78767	1.00812e-20
9.79732	1.0196e-20
9.80697	9.7926e-21
9.81662	9.48969e-21
9.82624	9.88187e-21
9.83589	9.94002e-21
9.84554	9.19982e-21
9.85519	8.84341e-21
9.86484	9.08567e-21
9.87449	8.99421e-21
9.88414	8.74675e-21
9.89379	8.97817e-21
9.90344	8.98191e-21
9.9131	8.31237e-21
9.92275	8.06421e-21
9.9324	8.59356e-21
9.94205	8.7211e-21
9.95167	8.21208e-21
9.96132	8.20061e-21
9.97097	8.80155e-21
9.98062	9.08177e-21
9.99027	8.796e-21
9.99992	8.43757e-21
10.0096	8.30139e-21
10.0192	8.42383e-21
10.0289	8.59849e-21
10.0385	8.49601e-21
10.0482	8.31791e-21
10.0578	8.46728e-21
10.0675	8.57262e-21
10.0771	8.2109e-21
10.0867	7.98037e-21
10.0964	8.40147e-21
10.106	8.81457e-21
10.1157	8.65966e-21
10.1253	8.45432e-21
10.135	8.55523e-21
10.1446	8.65623e-21
10.1543	8.77784e-21
10.1639	9.17082e-21
10.1736	9.51388e-21
10.1832	9.49178e-21
10.1929	9.43908e-21
10.2025	9.60251e-21
10.2122	9.69515e-21
10.2218	9.48754e-21
10.2315	9.18039e-21
10.2411	9.05044e-21
10.2508	9.20658e-21
10.2604	9.43778e-21
10.2701	9.32392e-21
10.2797	8.84792e-21
10.2894	8.51109e-21
10.299	8.55246e-21
10.3087	8.66376e-21
10.3183	8.58243e-21
10.3279	8.36312e-21
10.3376	8.20626e-21
10.3472	8.21426e-21
10.3569	8.16041e-21
10.3665	7.83662e-21
10.3762	7.72516e-21
10.3858	8.24404e-21
10.3955	8.61053e-21
10.4051	8.03999e-21
10.4148	7.43461e-21
10.4244	7.70989e-21
10.4341	8.00891e-21
10.4437	7.51078e-21
10.4534	7.21079e-21
10.463	7.63872e-21
10.4727	7.79757e-21
10.4823	7.47746e-21
10.492	7.55386e-21
10.5016	7.75203e-21
10.5113	7.25254e-21
10.5209	6.81448e-21
10.5306	7.22173e-21
10.5402	7.56476e-21
10.5499	7.08951e-21
10.5595	6.62641e-21
10.5691	6.57422e-21
10.5788	6.42179e-21
10.5884	6.30129e-21
10.5981	6.47989e-21
10.6077	6.38428e-21
10.6174	5.94074e-21
10.627	5.88571e-21
10.6367	5.9659e-21
10.6463	5.48679e-21
10.656	5.191e-21
10.6656	5.81727e-21
10.6753	6.3217e-21
10.6849	5.98747e-21
10.6946	5.83309e-21
10.7042	6.31309e-21
10.7139	6.55211e-21
10.7235	6.34922e-21
10.7332	6.29682e-21
10.7428	6.33364e-21
10.7525	6.34036e-21
10.7621	6.6369e-21
10.7718	6.78941e-21
10.7814	6.19214e-21
10.7911	5.69193e-21
10.8007	6.00118e-21
10.8104	6.21615e-21
10.82	5.80406e-21
10.8296	5.66242e-21
10.8393	5.82845e-21
10.8489	5.34744e-21
10.8586	4.81446e-21
10.8682	5.29483e-21
10.8779	5.92747e-21
10.8875	5.6764e-21
10.8972	5.62887e-21
10.9068	6.38766e-21
10.9165	6.73492e-21
10.9261	6.29654e-21
10.9358	6.39058e-21
10.9454	7.20207e-21
10.9551	7.55957e-21
10.9647	7.43112e-21
10.9744	7.65932e-21
10.984	8.1362e-21
10.9937	8.3535e-21
