 3.99577167019028e-001    1.00000000000000e+000
 5.99365750528541e-001    7.62698585902345e-001
 9.02748414376321e-001    4.66067905938087e-001
 1.09513742071882e+000    2.71115957453212e-001
 1.34672304439746e+000    8.11130830789687e-002
 1.60570824524313e+000    1.44686432170831e-002
 1.84989429175476e+000    3.73415648210008e-003
 2.10147991543340e+000    1.99280700272276e-004
 2.34566596194503e+000    8.95100207393900e-006
 2.60465116279070e+000    5.81709132937436e-007
 2.85623678646934e+000    1.39439246328100e-007
