 5.00000000000000e+000    1.00000000000000e+000
 5.20136986301370e+000    6.84327251986207e-001
 5.39863013698630e+000    3.52351031299382e-001
 5.60000000000000e+000    1.33302754896967e-001
 5.80136986301370e+000    3.29135341063649e-002
 5.99863013698630e+000    4.71087600262526e-003
 6.20000000000000e+000    3.72759372031494e-004
 6.40136986301370e+000    9.91149111842357e-006
 6.60273972602740e+000    6.04240430640600e-007
 6.80000000000000e+000    1.67967487209265e-007
 6.90273972602740e+000    1.64032239747937e-007
