 1.81289640591966e+000    8.62638579405743e-001
 1.99788583509514e+000    6.91149809278107e-001
 2.24947145877378e+000    4.02048156285042e-001
 2.50105708245243e+000    1.42915789865479e-001
 2.75264270613108e+000    3.97127975010084e-002
 3.00422832980972e+000    3.22122744299756e-003
 3.25581395348837e+000    2.74474924187221e-004
 3.50000000000000e+000    2.39706132210747e-005
 3.75158562367865e+000    3.02888944962453e-006
 4.00317124735729e+000    6.11077448618428e-007
 4.25475687103594e+000    1.53874188440870e-007
