64.84 27.522 0
60.773 28.611 0
66.112 23.511 0
61.424 28.747 0
64.58 26.359 0
61.942 23.303 0
63.564 24.305 0
64.761 25.782 0
61.205 28.952 0
62.15 28.974 0
60.623 23.933 0
60.942 29.064 0
59.559 26.136 0
63.538 27.716 0
67.015 23.736 0
62.388 25.346 0
61.374 28.319 0
62.976 27.598 0
61.364 28.797 0
66.652 26.513 0
68.243 22.515 0
61.265 28.181 0
63.018 28.492 0
60.794 26.947 0
59.151 27.586 0
67.283 25.01 0
66.72 26.424 0
61.259 23.825 0
63.092 27.043 0
68.142 22.381 0
63.517 24.272 0
62.693 23.127 0
62.2 23.371 0
65.563 27.471 0
62.319 27.094 0
67.359 24.43 0
60.341 29.118 0
67.771 22.447 0
63.803 25.592 0
66.558 25.102 0
60.72 27.471 0
62.927 27.26 0
62.955 23.915 0
59.742 25.962 0
64.723 25.385 0
65.588 26.349 0
63.744 27.161 0
59.133 27.465 0
63.418 24.694 0
61.081 26.946 0
66.372 26.635 0
60.898 23.948 0
63.59 23.654 0
61.014 26.128 0
61.456 28.939 0
62.051 24.858 0
59.625 26.645 0
67.542 24.225 0
61.542 24.586 0
61.506 25.969 0
62.291 27.167 0
61.748 28.834 0
64.927 26.181 0
67.236 23.745 0
67.423 23.507 0
62.193 24.692 0
60.977 28.044 0
61.457 24.327 0
64.359 27.35 0
60.313 24.453 0
62.904 28.624 0
63.113 25.163 0
63.641 24.145 0
61.097 24.409 0
62.755 26.517 0
67.172 25.295 0
63.211 24.806 0
59.271 26.589 0
64.939 25.998 0
62.102 28.345 0
64.115 24.498 0
66.885 26.777 0
66.587 25.175 0
66.489 26.03 0
67.062 23.215 0
63.368 23.098 0
63.339 26.041 0
62.165 27.658 0
63.133 28.69 0
66.217 23.744 0
66.304 25.75 0
66.341 25.683 0
65.8 22.556 0
61.995 25.245 0
60.847 24.014 0
63.198 27.49 0
66.8 24.651 0
63.272 25.864 0
61.029 23.999 0
62.136 26.7 0
61.906 24.537 0
66.339 26.673 0
61.919 27.119 0
66.355 27.043 0
65.005 25.373 0
67.703 23.083 0
68.064 23.792 0
61.301 28.563 0
67.945 23.58 0
65.277 27.615 0
64.001 26.195 0
67.749 23.135 0
64.156 25.541 0
62.493 23.714 0
61.697 29.04 0
61.445 27.31 0
65.214 27.681 0
63.709 27.992 0
68.107 23.172 0
60.559 25.355 0
61.922 24.526 0
63.718 27.565 0
63.312 25.266 0
61.615 28.557 0
62.573 23.931 0
62.667 24.275 0
67.449 23.495 0
66.625 23.346 0
63.668 27.812 0
67.411 25.853 0
65.026 25.823 0
67.74 23.345 0
62.025 27.771 0
63.415 26.568 0
63.06 24.891 0
61.93 26.019 0
61.128 25.598 0
66.957 23 0
60.496 24.518 0
64.097 23.473 0
62.736 23.812 0
60.414 24.495 0
62.169 25.676 0
63.12 23.187 0
59.727 28.385 0
63.766 28.354 0
59.428 26.032 0
59.581 26.07 0
61.891 24.959 0
59.365 28.353 0
64.606 25.224 0
63.062 23.291 0
62.045 27.303 0
67.58 24.821 0
60.274 24.333 0
60.924 25.56 0
61.976 23.537 0
66.37 23.276 0
61.178 29.114 0
67.391 26.119 0
63.616 22.782 0
59.819 24.68 0
63.168 25.217 0
66.544 22.679 0
62.433 23.143 0
61.653 24.007 0
66.002 26.339 0
65.495 26.949 0
66.189 26.317 0
64.927 25.265 0
64.975 26.22 0
66.232 24.401 0
66.271 26.898 0
63.236 23.916 0
61.345 26.984 0
62.584 24.074 0
64.543 24.763 0
64.088 26.671 0
61.931 27.53 0
67.56 23.177 0
63.156 28.424 0
61.26 27.473 0
63.737 25.339 0
64.576 25.581 0
66.866 24.415 0
61.452 26.199 0
61.811 25.809 0
64.884 27.744 0
62.879 27.52 0
65.416 26.603 0
66.326 25.25 0
64.424 27.394 0
63.311 25.957 0
63.192 24.982 0
63.297 28.632 0
64.215 28.159 0
64.95 25.8 0
63.274 26.339 0
60.921 26.43 0
66.118 23.778 0
66.647 24.511 0
66.522 25.418 0
61.197 27.854 0
63.277 24.203 0
67.402 24.088 0
61.273 23.984 0
67.848 24.206 0
63.61 25.302 0
67.111 24.623 0
62.689 28.618 0
63.041 25.531 0
62.285 23.842 0
61.211 28.549 0
63.893 25.317 0
63.022 23.356 0
62.242 24.697 0
61.608 25.286 0
61.669 26.371 0
61.967 24.277 0
61.985 26.471 0
63.53 26.757 0
67.385 24.199 0
63.625 23.348 0
66.002 24.297 0
60.573 24.904 0
62.404 25.478 0
61.319 25.801 0
67.988 23.248 0
61.931 24.416 0
63.644 27.399 0
67.64 22.281 0
63.084 28.399 0
64.817 26.773 0
59.9 24.566 0
65.72 25.295 0
61.74 28.79 0
64.893 26.139 0
63.15 26.203 0
59.549 25.805 0
64.192 26.663 0
61.222 26.919 0
60.525 25.397 0
64.614 25.123 0
61.038 29.255 0
64.473 28.084 0
61.573 28.552 0
63.011 27.513 0
61.936 23.615 0
62.219 24.604 0
62.165 25.141 0
61.175 26.894 0
66.436 23.596 0
64.547 27.028 0
62.686 23.448 0
66.717 26.281 0
60.584 26.14 0
