53.661 -8.2424 0
52.388 -8.7256 0
52.247 -8.953 0
52.955 -7.8188 0
52.556 -6.4471 0
52.783 -7.7103 0
52.985 -8.8352 0
50.339 -4.8552 0
51.933 -9.7532 0
53.057 -8.7687 0
51.894 -7.9333 0
52.328 -8.3042 0
52.84 -6.5208 0
52.633 -7.8345 0
51.422 -9.3346 0
51.765 -9.1625 0
52.331 -8.8928 0
53.532 -9.8844 0
50.925 -4.4383 0
53.349 -8.4634 0
52.832 -8.9267 0
51.417 -9.4834 0
52.485 -7.1334 0
53.537 -10.234 0
53.542 -7.6665 0
52.064 -4.7546 0
51.045 -4.3248 0
51.84 -9.4024 0
51.77 -8.6731 0
52.425 -8.2248 0
53.727 -8.0145 0
51.888 -9.4892 0
52.873 -7.6083 0
51.421 -9.2625 0
51.908 -9.2662 0
53.213 -8.6475 0
52.231 -7.7565 0
50.372 -4.8097 0
52.624 -8.8134 0
53.83 -8.493 0
52.113 -10.055 0
51.854 -7.7611 0
53.582 -9.5628 0
52.692 -8.1928 0
52.469 -7.0672 0
52.816 -7.6264 0
52.052 -8.5171 0
53.584 -7.6759 0
51.796 -10.025 0
53.854 -8.7712 0
52.159 -5.1103 0
53.481 -10.055 0
53.347 -8.9026 0
52.731 -7.2863 0
53.924 -7.5771 0
53.154 -8.8139 0
53.88 -7.6907 0
53.877 -8.0139 0
53.39 -8.7982 0
51.998 -9.9646 0
52.979 -9.1101 0
52.389 -6.6247 0
53.03 -6.3191 0
51.691 -9.4582 0
53.364 -6.8686 0
53.761 -8.0516 0
52.364 -8.3537 0
51.965 -4.8213 0
53.247 -6.5346 0
50.447 -4.3597 0
53.604 -8.2256 0
54.012 -9.4016 0
52.324 -8.747 0
51.663 -9.7437 0
53.475 -6.8375 0
52.388 -6.2731 0
50.604 -4.5981 0
52.317 -8.9478 0
51.827 -9.7674 0
52.1 -7.8989 0
52.679 -7.4468 0
51.505 -9.3199 0
52.462 -6.2577 0
52.232 -8.1986 0
52.718 -7.629 0
54.067 -7.9246 0
53.279 -7.3632 0
53.93 -9.3668 0
51.682 -9.6868 0
52.086 -8.3955 0
52.943 -6.8007 0
52.415 -8.3515 0
52.788 -8.5637 0
53.544 -6.829 0
53.719 -9.9265 0
53.772 -8.3985 0
53.266 -9.228 0
53.285 -9.5681 0
53.478 -7.7934 0
51.379 -9.739 0
51.404 -9.4413 0
51.881 -4.4154 0
52.288 -6.6558 0
51.958 -9.5731 0
50.666 -4.5557 0
53.906 -8.3951 0
52.549 -8.7141 0
53.217 -6.4736 0
53.57 -9.7282 0
52.442 -8.1945 0
52.044 -9.008 0
53.121 -8.9688 0
53.571 -8.4941 0
53.087 -8.395 0
53.636 -9.392 0
52.143 -8.9439 0
52.691 -6.7727 0
51.842 -4.6674 0
53.838 -9.1073 0
50.889 -4.4755 0
52.763 -8.6542 0
53.785 -8.9675 0
51.701 -9.3322 0
52.687 -7.3997 0
53.532 -8.8815 0
53.567 -7.786 0
51.875 -8.0854 0
50.98 -4.6766 0
53.518 -10.222 0
50.602 -5.14 0
50.708 -5.014 0
53.493 -7.2776 0
53.854 -9.5013 0
50.283 -4.701 0
52.799 -7.8422 0
53.662 -9.6439 0
52.434 -6.3372 0
51.931 -10.165 0
51.935 -8.814 0
51.755 -5.0793 0
52.713 -8.2256 0
53.745 -9.5775 0
51.524 -9.6382 0
52.281 -8.4621 0
53.388 -9.4308 0
52.767 -7.1522 0
53.387 -9.846 0
52.686 -9.4139 0
54.094 -9.3807 0
51.886 -10.069 0
53.892 -8.3809 0
52.549 -7.7753 0
52.318 -8.4863 0
52.407 -8.9697 0
51.799 -9.151 0
51.623 -9.6159 0
53.919 -8.2189 0
53.658 -7.9518 0
53.132 -8.6425 0
54.15 -8.9216 0
51.897 -9.9701 0
53.862 -8.4731 0
52.879 -7.8511 0
53.034 -6.9975 0
53.311 -9.9771 0
51.939 -9.1627 0
54.175 -8.877 0
53.667 -9.784 0
54.059 -8.6754 0
53.058 -8.4976 0
52.31 -8.026 0
53.445 -7.0905 0
50.324 -5.1177 0
53.106 -6.3968 0
52.809 -8.1945 0
52.649 -7.3453 0
53.267 -9.9539 0
50.332 -4.4871 0
53.418 -8.6494 0
53.841 -8.6103 0
51.39 -9.6404 0
53.474 -8.8701 0
52.271 -6.843 0
53.83 -7.4672 0
52.421 -8.2811 0
52.199 -9.7801 0
53.346 -6.9654 0
52.824 -8.5673 0
53.653 -7.4406 0
53.346 -9.4075 0
52.183 -10.151 0
53.206 -6.402 0
53.542 -7.313 0
53.713 -7.8078 0
52.438 -8.0473 0
52.033 -9.6871 0
50.449 -4.4568 0
52.877 -7.0005 0
53.032 -7.2833 0
53.979 -8.7733 0
54.037 -9.1827 0
53.864 -9.2006 0
53.909 -7.6346 0
52.625 -7.7433 0
53.267 -8.3164 0
52.402 -8.8308 0
52.592 -8.0609 0
51.98 -9.9078 0
53.328 -9.816 0
52.198 -9.2723 0
50.512 -4.2616 0
52.277 -6.6351 0
52.048 -8.7642 0
53.772 -7.9619 0
52.893 -6.6854 0
53.596 -7.7346 0
53.276 -10.093 0
52.656 -6.4378 0
53.598 -7.553 0
52.675 -8.6398 0
50.71 -4.9167 0
52.588 -8.3657 0
53.107 -8.5553 0
51.526 -9.5691 0
53.752 -8.2141 0
51.762 -4.5565 0
53.07 -6.4478 0
52.764 -8.7376 0
53.296 -10.061 0
52.204 -9.326 0
53.749 -7.939 0
51.275 -9.2582 0
52.249 -4.6072 0
51.98 -8.0348 0
52.117 -10.109 0
53.274 -7.3717 0
53.679 -7.358 0
52.542 -7.5455 0
51.947 -9.9172 0
52.244 -4.7259 0
54.111 -7.8867 0
50.544 -4.2862 0
52.047 -4.8642 0
53.083 -8.9169 0
51.925 -5.0884 0
53.172 -6.5267 0
53.906 -8.6431 0
54.237 -9.4737 0
53.756 -9.0982 0
53.323 -10.155 0
51.956 -10.203 0
51.985 -9.7528 0
52.764 -6.5132 0
53.402 -6.7843 0
53.418 -9.6339 0
53.609 -8.1848 0
