27.21 -12.588 0
26.754 -11.863 0
27.144 -11.891 0
29.062 -13.398 0
26.92 -13.069 0
28.184 -15.47 0
27.461 -11.467 0
27.342 -12.663 0
27.146 -12.342 0
27.625 -11.638 0
27 -12.755 0
27.322 -12.513 0
27.715 -11.455 0
27.601 -11.975 0
27.827 -12.671 0
28.428 -13.983 0
27.222 -11.822 0
27.879 -15.425 0
26.913 -12.734 0
27.453 -11.348 0
27.746 -11.632 0
26.864 -11.768 0
27.872 -12.475 0
26.804 -11.981 0
27.855 -11.978 0
27.121 -13.026 0
26.759 -12.81 0
26.831 -13.237 0
26.951 -11.907 0
27.368 -11.607 0
27.492 -13.154 0
27.563 -12.247 0
27.384 -12.065 0
27.962 -15.361 0
28.215 -15.536 0
27.71 -11.539 0
27.652 -13.13 0
27.518 -11.744 0
27.58 -12.363 0
28.168 -11.67 0
27.75 -12.652 0
27.823 -12.538 0
27.585 -12.791 0
27.387 -12.633 0
27.003 -12.689 0
27.548 -11.25 0
27.947 -11.988 0
29.086 -13.304 0
27.388 -12.279 0
28.032 -15.496 0
26.986 -12.487 0
27.622 -12.437 0
28.027 -15.655 0
27.608 -12.666 0
27.942 -15.444 0
27.188 -13.058 0
27.292 -13.187 0
27.874 -12.378 0
26.876 -11.826 0
27.332 -13.202 0
27.911 -12.44 0
26.959 -11.856 0
27.147 -12.889 0
27.599 -12.267 0
27.54 -12.455 0
29.148 -13.253 0
28.183 -11.533 0
27.433 -12.207 0
27.014 -12.489 0
27.921 -11.747 0
27.825 -11.259 0
27 -13.207 0
26.942 -12.978 0
27.926 -15.731 0
27.091 -12.95 0
27.398 -13.095 0
26.819 -11.756 0
27.345 -13.233 0
27.986 -12.035 0
27.7 -13.026 0
27.388 -11.288 0
27.265 -12.664 0
28.182 -11.529 0
27.318 -11.263 0
28.251 -14.143 0
26.998 -12.654 0
28.631 -13.896 0
28.864 -13.26 0
28.89 -13.52 0
27.238 -12.006 0
26.755 -12.805 0
27.276 -12.802 0
26.977 -11.846 0
27.642 -11.72 0
28.212 -11.324 0
27.482 -13.075 0
27.403 -12.281 0
27.352 -12.961 0
27.154 -11.914 0
27.194 -12.929 0
27.251 -13.107 0
27.66 -12.661 0
28.044 -12.014 0
28.008 -11.453 0
28.561 -13.894 0
29.131 -13.253 0
28.914 -13.682 0
27.346 -12.89 0
28.83 -13.268 0
27.42 -11.482 0
27.551 -11.431 0
27.919 -11.958 0
27.784 -15.635 0
27.579 -12.044 0
26.957 -13.076 0
27.821 -15.33 0
27.428 -12.001 0
28.175 -15.353 0
26.849 -12.334 0
28.389 -14.01 0
27.414 -12.888 0
27.283 -12.145 0
28.147 -15.586 0
27.765 -12.054 0
27.315 -12.968 0
27.907 -15.478 0
27.375 -12.475 0
28.162 -12.298 0
28.117 -15.597 0
28.271 -13.857 0
27.228 -12.705 0
27.876 -15.651 0
26.805 -12.599 0
27.551 -12.117 0
26.942 -11.932 0
27.942 -15.26 0
27.53 -13.25 0
28.128 -12.211 0
27.849 -12.302 0
27.045 -11.856 0
27.14 -11.96 0
28.065 -15.482 0
27.93 -11.381 0
28.015 -12.062 0
28.905 -13.651 0
27.817 -12.539 0
27.462 -11.482 0
28.177 -15.482 0
27.117 -11.851 0
27.523 -12.324 0
27.972 -11.812 0
27.086 -11.918 0
27.68 -12.263 0
28.068 -12.176 0
28.66 -14.103 0
27.99 -11.346 0
27.698 -11.732 0
26.783 -13.052 0
28.577 -14.147 0
27.43 -12.272 0
27.838 -11.779 0
28.237 -15.461 0
28.113 -15.476 0
27.948 -11.302 0
27.027 -13.17 0
26.896 -12.035 0
27.933 -15.351 0
27.287 -13.206 0
27.944 -15.478 0
28.3 -13.99 0
28.999 -13.275 0
27.358 -13.158 0
27.745 -12.437 0
27.616 -12.076 0
27.5 -11.456 0
27.937 -11.902 0
28.101 -11.913 0
27.579 -12.502 0
27.599 -12.014 0
27.466 -12.665 0
27.59 -12.954 0
28.236 -11.429 0
27.218 -12.263 0
27.626 -12.591 0
27.247 -12.144 0
26.788 -12.122 0
27.103 -12.197 0
29.23 -13.341 0
26.797 -12.099 0
27.586 -11.932 0
28.017 -12.251 0
28.191 -15.636 0
28.144 -11.961 0
27.915 -15.268 0
29.082 -13.521 0
27.398 -11.781 0
27.72 -11.446 0
27.076 -12.258 0
28.312 -13.985 0
26.843 -12.661 0
28.07 -11.499 0
28.23 -12.281 0
28.159 -12.643 0
27.373 -13.066 0
28.426 -13.966 0
27.142 -12.212 0
27.834 -11.262 0
26.983 -12.961 0
26.904 -12.973 0
26.97 -11.892 0
28.252 -14.099 0
27.854 -11.717 0
27.554 -11.481 0
26.865 -12.95 0
26.797 -12.7 0
28.127 -11.804 0
28.244 -11.636 0
27.298 -12.651 0
27.756 -12.268 0
28.833 -13.58 0
27.222 -13.011 0
28.028 -11.321 0
27.987 -12.147 0
27.07 -12.559 0
27.67 -13.137 0
28.167 -15.284 0
27.067 -12.273 0
27.632 -12.468 0
27.518 -12.989 0
27.516 -13.033 0
27.395 -12.184 0
27.954 -15.691 0
27.709 -12.453 0
27.078 -12.787 0
27.565 -11.473 0
28.915 -13.634 0
28.702 -13.781 0
26.908 -12.81 0
28.379 -14.181 0
27.758 -11.561 0
27.497 -13.043 0
28.06 -12.024 0
27.748 -11.415 0
27.731 -12.55 0
26.893 -12.64 0
27.711 -13.189 0
27.71 -12.963 0
27.172 -12.961 0
27.4 -12.458 0
27.416 -12.798 0
27.199 -12.008 0
27.804 -11.261 0
27.77 -12.479 0
27.318 -12.278 0
28.208 -12.128 0
27.198 -12.915 0
