0.139673	1.6878
0.149323	1.54728
0.158974	1.45063
0.168593	1.41241
0.178244	1.32464
0.187894	1.23184
0.197544	1.22506
0.207195	1.2188
0.216845	1.1493
0.226496	1.10483
0.236146	1.08647
0.245796	0.998979
0.255447	0.910657
0.265097	0.946674
0.274748	1.02593
0.284398	1.01258
0.294017	0.940569
0.303668	0.890034
0.313318	0.876677
0.322969	0.901723
0.332619	0.924723
0.342269	0.874025
0.35192	0.818009
0.36157	0.867338
0.371221	0.938902
0.380871	0.899886
0.390521	0.85814
0.400172	0.946698
0.409822	1.0595
0.419442	1.07495
0.429092	1.08592
0.438742	1.17445
0.448393	1.25027
0.458043	1.25227
0.467694	1.27439
0.477344	1.37185
0.486994	1.48227
0.496645	1.54882
0.506295	1.58476
0.515946	1.60567
0.525596	1.59529
0.535246	1.56072
0.544866	1.56354
0.554516	1.62449
0.564167	1.64302
0.573817	1.55506
0.583467	1.4725
0.593118	1.49112
0.602768	1.51887
0.612419	1.46411
0.622069	1.40177
0.631719	1.38939
0.64137	1.37279
0.65102	1.33822
0.660671	1.30763
0.67029	1.23687
0.67994	1.15063
0.689591	1.16775
0.699241	1.23151
0.708892	1.17898
0.718542	1.08614
0.728192	1.10646
0.737843	1.11975
0.747493	0.988127
0.757144	0.897406
0.766794	0.97925
0.776444	1.04545
0.786095	0.974058
0.795714	0.926641
0.805364	0.950195
0.815015	0.938959
0.824665	0.926799
0.834316	0.98673
0.843966	1.01791
0.853617	0.964342
0.863267	0.944122
0.872917	0.984409
0.882568	0.997982
0.892218	1.00092
0.901869	1.03305
0.911519	1.04642
0.921138	1.07197
0.930789	1.1742
0.940439	1.22815
0.95009	1.14031
0.95974	1.10934
0.96939	1.24522
0.979041	1.33545
0.988691	1.30229
0.998342	1.35045
1.00799	1.48246
1.01764	1.48955
1.02729	1.42169
1.03691	1.45509
1.04656	1.52355
1.05621	1.51751
1.06586	1.5163
1.07551	1.51707
1.08516	1.42156
1.09481	1.34603
1.10446	1.41225
1.11412	1.44688
1.12377	1.33167
1.13342	1.27007
1.14307	1.32658
1.15272	1.30341
1.16234	1.18113
1.17199	1.14727
1.18164	1.16995
1.19129	1.1124
1.20094	1.08337
1.21059	1.17249
1.22024	1.20899
1.22989	1.1005
1.23954	1.02907
1.24919	1.07342
1.25884	1.10225
1.26849	1.05838
1.27814	1.0289
1.28776	1.03902
1.29741	1.03429
1.30706	0.992339
1.31671	0.943818
1.32636	0.943761
1.33601	1.00914
1.34566	1.04762
1.35531	0.985042
1.36496	0.913676
1.37461	0.94076
1.38426	0.999984
1.39391	0.994832
1.40357	0.979296
1.41318	1.02449
1.42284	1.10214
1.43249	1.16483
1.44214	1.19481
1.45179	1.18408
1.46144	1.17167
1.47109	1.21311
1.48074	1.28496
1.49039	1.32897
1.50004	1.34846
1.50969	1.35846
1.51934	1.34565
1.52899	1.34076
1.53861	1.38066
1.54826	1.41794
1.55791	1.40546
1.56756	1.38257
1.57721	1.37424
1.58686	1.34214
1.59651	1.29079
1.60616	1.27112
1.61581	1.29076
1.62546	1.31668
1.63511	1.30894
1.64476	1.24472
1.65441	1.18583
1.66403	1.2095
1.67368	1.22698
1.68333	1.11121
1.69298	1.00806
1.70263	1.08973
1.71229	1.1939
1.72194	1.10714
1.73159	0.994686
1.74124	1.03137
1.75089	1.0773
1.76054	1.03535
1.77019	1.0483
1.77984	1.11801
1.78946	1.0754
1.79911	0.992795
1.80876	1.03321
1.81841	1.09593
1.82806	1.06753
1.83771	1.08452
1.84736	1.17402
1.85701	1.17057
1.86666	1.10095
1.87631	1.11958
1.88596	1.1604
1.89561	1.12276
1.90526	1.13209
1.91488	1.22094
1.92453	1.23244
1.93418	1.19932
1.94383	1.27989
1.95348	1.36508
1.96313	1.30028
1.97278	1.25234
1.98243	1.36977
1.99208	1.48302
2.00174	1.45218
2.01139	1.39225
2.02104	1.3868
2.03069	1.40484
2.04031	1.45291
2.04996	1.4968
2.05961	1.45299
2.06926	1.39087
2.07891	1.40703
2.08856	1.39195
2.09821	1.27646
2.10786	1.23521
2.11751	1.31614
2.12716	1.31545
2.13681	1.22606
2.14646	1.23467
2.15611	1.29431
2.16573	1.23488
2.17538	1.15975
2.18503	1.20489
2.19468	1.23681
2.20433	1.16892
2.21398	1.15885
2.22363	1.23208
2.23328	1.21043
2.24293	1.10906
2.25258	1.10132
2.26223	1.17707
2.27188	1.20998
2.28153	1.18396
2.29115	1.13022
2.3008	1.05629
2.31045	1.0271
2.32011	1.08006
2.32976	1.11627
2.33941	1.07225
2.34906	1.04947
2.35871	1.10111
2.36836	1.12667
2.37801	1.07086
2.38766	1.02354
2.39731	1.05742
2.40696	1.11401
2.41658	1.11109
2.42623	1.08016
2.43588	1.10798
2.44553	1.17491
2.45518	1.1782
2.46483	1.13928
2.47448	1.17475
2.48413	1.26843
2.49378	1.29738
2.50343	1.27071
2.51308	1.27969
2.52273	1.29084
2.53238	1.26441
2.542	1.29877
2.55165	1.41631
2.5613	1.46541
2.57095	1.3962
2.5806	1.34567
2.59025	1.36867
2.5999	1.38779
2.60956	1.36443
2.61921	1.32508
2.62886	1.29241
2.63851	1.29944
2.64816	1.32696
2.65778	1.28049
2.66743	1.1791
2.67708	1.1632
2.68673	1.21103
2.69638	1.17056
2.70603	1.08014
2.71568	1.07573
2.72533	1.08903
2.73498	1.01524
2.74463	0.952086
2.75428	0.972907
2.76393	0.997257
2.77358	1.00937
2.7832	1.04101
2.79285	1.00217
2.8025	0.886115
2.81215	0.869397
2.8218	0.964516
2.83145	0.967655
2.8411	0.904262
2.85075	0.941494
2.8604	0.987048
2.87005	0.923058
2.8797	0.912415
2.88935	1.01316
2.89901	1.0072
2.90862	0.904439
2.91827	0.958514
2.92793	1.10546
2.93758	1.06636
2.94723	0.953669
2.95688	1.02367
2.96653	1.15101
2.97618	1.14183
2.98583	1.12333
2.99548	1.19166
3.00513	1.21508
3.01478	1.15311
3.02443	1.11656
3.03405	1.10668
3.0437	1.09868
3.05335	1.14791
3.063	1.19408
3.07265	1.11386
3.0823	1.00785
3.09195	1.02477
3.1016	1.06736
3.11125	1.01452
3.1209	0.962614
3.13055	0.97766
3.1402	0.971123
3.14985	0.941199
3.15947	0.961433
3.16912	0.97755
3.17877	0.939098
3.18842	0.936032
3.19807	0.994254
3.20772	1.00866
3.21738	0.959501
3.22703	0.915585
3.23668	0.871991
3.24633	0.830422
3.25598	0.848555
3.26563	0.884442
3.27528	0.8457
3.2849	0.797331
3.29455	0.810649
3.3042	0.788512
3.31385	0.683155
3.3235	0.652155
3.33315	0.752756
3.3428	0.800817
3.35245	0.70956
3.3621	0.654538
3.37175	0.726596
3.3814	0.811227
3.39105	0.80652
3.4007	0.783207
3.41032	0.820892
3.41997	0.891243
3.42962	0.920027
3.43927	0.910833
3.44892	0.922187
3.45857	0.958273
3.46822	0.995609
3.47787	1.06144
3.48752	1.16343
3.49717	1.21649
3.50683	1.18949
3.51648	1.18313
3.52613	1.23692
3.53575	1.26952
3.5454	1.27967
3.55505	1.33712
3.5647	1.3909
3.57435	1.37176
3.584	1.35615
3.59365	1.38655
3.6033	1.39144
3.61295	1.3884
3.6226	1.44593
3.63225	1.46259
3.6419	1.36496
3.65155	1.33231
3.66117	1.44701
3.67082	1.4952
3.68047	1.40379
3.69012	1.4084
3.69977	1.55498
3.70942	1.62863
3.71907	1.57887
3.72872	1.55297
3.73837	1.57146
3.74802	1.58541
3.75767	1.63069
3.76732	1.68806
3.77697	1.68235
3.78659	1.66057
3.79624	1.67238
3.80589	1.64123
3.81555	1.57758
3.8252	1.59576
3.83485	1.63113
3.8445	1.55495
3.85415	1.47668
3.8638	1.49817
3.87345	1.479
3.8831	1.38866
3.89275	1.413
3.9024	1.51346
3.91202	1.47099
3.92167	1.37235
3.93132	1.42224
3.94097	1.49826
3.95062	1.42118
3.96027	1.34839
3.96992	1.40595
3.97957	1.46475
3.98922	1.48005
3.99887	1.52085
4.00852	1.50322
4.01817	1.39155
4.02782	1.37852
4.03744	1.48672
4.04709	1.48206
4.05674	1.35801
4.06639	1.35076
4.07604	1.41367
4.08569	1.34019
4.09534	1.23388
4.105	1.27354
4.11465	1.33339
4.1243	1.26543
4.13003	1.20856
4.13392	1.18475
4.14357	1.17311
4.15322	1.14105
4.16287	1.06728
4.17253	1.03636
4.18218	1.039
4.19183	1.01918
4.20148	1.00038
4.21113	1.00402
4.22078	0.999561
4.23043	0.971051
4.24008	0.919768
4.2497	0.871145
4.25935	0.894254
4.269	0.989865
4.27865	1.01767
4.2883	0.931991
4.29795	0.886633
4.3076	0.959248
4.31725	1.03121
4.3269	1.02444
4.33655	1.01068
4.3462	1.03227
4.35585	1.04609
4.3655	1.03355
4.37512	1.01629
4.38477	1.0188
4.39442	1.06655
4.40407	1.13722
4.41372	1.16457
4.42337	1.15884
4.43302	1.19209
4.44267	1.25272
4.45232	1.27413
4.46198	1.2748
4.47163	1.32195
4.48128	1.41361
4.49093	1.50511
4.50055	1.56136
4.5102	1.57378
4.51985	1.58135
4.5295	1.63061
4.53915	1.69691
4.5488	1.73976
4.55845	1.77062
4.5681	1.76461
4.57775	1.68466
4.5874	1.63685
4.59705	1.71294
4.6067	1.7613
4.61635	1.6561
4.62597	1.5838
4.63562	1.65349
4.64527	1.65114
4.65492	1.48123
4.66457	1.38753
4.67422	1.44509
4.68387	1.43203
4.69352	1.32943
4.70317	1.31747
4.71282	1.35537
4.72247	1.3046
4.73212	1.24429
4.74177	1.2397
4.75139	1.20223
4.76104	1.16237
4.77069	1.22114
4.78035	1.25324
4.79	1.13517
4.79965	1.04993
4.8093	1.11387
4.81895	1.16256
4.8286	1.13121
4.83825	1.14706
4.8479	1.17181
4.85755	1.09698
4.8672	1.04101
4.87682	1.10061
4.88647	1.12699
4.89612	1.06203
4.90577	1.06904
4.91542	1.15844
4.92507	1.1813
4.93472	1.14766
4.94437	1.14594
4.95402	1.14703
4.96367	1.14881
4.97332	1.20028
4.98297	1.22754
4.99259	1.18259
5.00224	1.19903
5.01189	1.28768
5.02154	1.2631
5.03119	1.17961
5.04084	1.26661
5.05049	1.43911
5.06014	1.42216
5.0698	1.30634
5.07945	1.32802
5.0891	1.4137
5.09875	1.41502
5.1084	1.43282
5.11802	1.51915
5.12767	1.54204
5.13001	1.53318
5.13733	1.50581
5.14698	1.53489
5.15663	1.58079
5.16628	1.53432
5.17593	1.4772
5.18558	1.49793
5.19523	1.52351
5.20488	1.50302
5.2145	1.48398
5.22415	1.46365
5.2338	1.4192
5.24345	1.40497
5.2531	1.4369
5.26275	1.44042
5.2724	1.40032
5.28205	1.38013
5.2917	1.3775
5.30135	1.3346
5.311	1.27553
5.32065	1.28704
5.3303	1.37074
5.33992	1.41335
5.34957	1.33695
5.35922	1.23449
5.36887	1.23652
5.37852	1.29615
5.38817	1.2608
5.39782	1.16594
5.40747	1.16489
5.41713	1.22869
5.42678	1.22383
5.43643	1.17666
5.44608	1.17879
5.45573	1.19613
5.46535	1.18866
5.475	1.20924
5.48465	1.25722
5.4943	1.25978
5.50395	1.2229
5.5136	1.2097
5.52325	1.22053
5.5329	1.24558
5.54255	1.28958
5.5522	1.31034
5.56185	1.28939
5.5715	1.27732
5.58115	1.26115
5.59077	1.1929
5.60042	1.16152
5.61007	1.24692
5.61972	1.3033
5.62937	1.22572
5.63902	1.17198
5.64867	1.23966
5.65832	1.2849
5.66797	1.24233
5.67762	1.22283
5.68727	1.2393
5.69692	1.2396
5.70654	1.27387
5.71619	1.32137
5.72584	1.25817
5.7355	1.18583
5.74515	1.27748
5.7548	1.39456
5.76445	1.3497
5.7741	1.30671
5.78375	1.39085
5.7934	1.40027
5.80305	1.28265
5.8127	1.29461
5.82235	1.44133
5.83197	1.46568
5.84162	1.40878
5.85127	1.46744
5.86092	1.53152
5.87057	1.46406
5.88022	1.43823
5.88987	1.54364
5.89952	1.58335
5.90917	1.5035
5.91882	1.48357
5.92847	1.53857
5.93812	1.54871
5.94777	1.52632
5.95739	1.5152
5.96704	1.48845
5.97669	1.49631
5.98634	1.5706
5.99599	1.56653
6.00564	1.43215
6.01529	1.36596
6.02495	1.44044
6.0346	1.48005
6.04425	1.43997
6.0539	1.44869
6.06355	1.48549
6.0732	1.4474
6.08282	1.38963
6.09247	1.38369
6.10212	1.37969
6.11177	1.36762
6.12142	1.38338
6.13107	1.36316
6.14072	1.2817
6.15037	1.25285
6.16002	1.2923
6.16967	1.27123
6.17932	1.20032
6.18897	1.19336
6.19862	1.2076
6.20824	1.15421
6.21789	1.10878
6.22754	1.12699
6.23719	1.10642
6.24684	1.04438
6.25649	1.08911
6.26614	1.22214
6.27579	1.25179
6.28544	1.15239
6.29509	1.1052
6.30474	1.17808
6.3144	1.25364
6.32405	1.24796
6.33367	1.23814
6.34332	1.29828
6.35297	1.36565
6.36262	1.35923
6.37227	1.33829
6.38192	1.39608
6.39157	1.48233
6.40122	1.50277
6.41087	1.49292
6.42052	1.51344
6.43017	1.53252
6.43982	1.5384
6.44947	1.56987
6.45909	1.5907
6.46874	1.56745
6.47839	1.58003
6.48804	1.64045
6.49769	1.61553
6.50734	1.49154
6.51699	1.42048
6.52664	1.41473
6.53629	1.37547
6.54594	1.34491
6.55559	1.36401
6.56524	1.30483
6.57489	1.16009
6.58451	1.12267
6.59416	1.19043
6.60381	1.16265
6.61346	1.05245
6.62312	1.04064
6.63277	1.08358
6.64242	1.04051
6.65207	0.969259
6.66172	0.965786
6.67137	0.986674
6.68102	0.996737
6.69067	0.996424
6.70032	0.944061
6.70994	0.87719
6.71959	0.888767
6.72924	0.890652
6.73889	0.77054
6.74854	0.693655
6.75819	0.790278
6.76784	0.861127
6.77749	0.770553
6.78714	0.706305
6.79679	0.739749
6.80644	0.71957
6.81609	0.680173
6.82574	0.763444
6.83536	0.837119
6.84501	0.75372
6.85466	0.708904
6.86431	0.814117
6.87396	0.878208
6.88361	0.845667
6.89326	0.889025
6.90291	0.980649
6.91257	0.979679
6.92222	0.969973
6.93187	1.02974
6.94152	1.03407
6.95117	0.985951
6.96079	1.05953
6.97044	1.17904
6.98009	1.15723
6.98974	1.11213
6.99939	1.19782
7.00904	1.24906
7.01869	1.13443
7.02834	1.06097
7.03799	1.15222
7.04764	1.23195
7.05729	1.17581
7.06694	1.09436
7.07659	1.06724
7.08621	1.07077
7.09586	1.08906
7.10551	1.09513
7.11516	1.05968
7.12481	1.01936
7.13446	1.00074
7.14411	0.965307
7.15376	0.922568
7.16341	0.922896
7.17306	0.928681
7.18271	0.902048
7.19236	0.904432
7.20202	0.947073
7.21163	0.927841
7.22128	0.841287
7.23094	0.809759
7.24059	0.845414
7.25024	0.847787
7.25989	0.821524
7.26954	0.839444
7.27919	0.877807
7.28884	0.87073
7.29849	0.831276
7.30814	0.813197
7.31779	0.854676
7.32741	0.936075
7.33706	0.972859
7.34671	0.923081
7.35636	0.880524
7.36601	0.938573
7.37566	1.0458
7.38531	1.10967
7.39496	1.13779
7.40461	1.19234
7.41426	1.28466
7.42391	1.37313
7.43356	1.40514
7.44321	1.40699
7.45283	1.47059
7.46248	1.58676
7.47213	1.64726
7.48178	1.66927
7.49143	1.74736
7.50108	1.8104
7.51073	1.7565
7.52039	1.71478
7.53004	1.78818
7.53969	1.82012
7.54934	1.72599
7.55899	1.68497
7.56864	1.72296
7.57826	1.64553
7.58791	1.50606
7.59756	1.52996
7.60721	1.63419
7.61686	1.58375
7.62651	1.45696
7.63616	1.41996
7.64581	1.41185
7.65546	1.36393
7.66511	1.34211
7.67476	1.32029
7.68441	1.24745
7.69406	1.23563
7.70368	1.29922
7.71333	1.25415
7.72298	1.10234
7.73263	1.06124
7.74228	1.11052
7.75193	1.06659
7.76158	0.985764
7.77123	0.997808
7.78088	0.998122
7.79053	0.910943
7.80018	0.87009
7.80984	0.907021
7.81949	0.910741
7.8291	0.897396
7.83876	0.917644
7.84841	0.882072
7.85806	0.786351
7.86771	0.770004
7.87736	0.820695
7.88701	0.817656
7.89666	0.817991
7.90631	0.870995
7.91596	0.861848
7.92561	0.810454
7.93526	0.874785
7.94491	0.974775
7.95453	0.912665
7.96418	0.852088
7.97383	0.998457
7.98348	1.16413
7.99313	1.12218
8.00278	1.06593
8.01243	1.16517
8.02208	1.26601
8.03173	1.27107
8.04138	1.30022
8.05103	1.36359
8.06068	1.35355
8.07033	1.30785
8.07995	1.3062
8.0896	1.30752
8.09925	1.30212
8.1089	1.34993
8.11855	1.39636
8.12821	1.35194
8.13786	1.28502
8.14751	1.28698
8.15716	1.31014
8.16681	1.29525
8.17646	1.27878
8.18611	1.28727
8.19576	1.29332
8.20538	1.29604
8.21503	1.3068
8.22468	1.30244
8.23433	1.26624
8.24398	1.22948
8.25363	1.2378
8.26328	1.28344
8.27293	1.28196
8.28258	1.17874
8.29223	1.08465
8.30188	1.12044
8.31153	1.19967
8.32118	1.17903
8.3308	1.12649
8.34045	1.15623
8.3501	1.18873
8.35975	1.12406
8.3694	1.05758
8.37905	1.09169
8.3887	1.16053
8.39835	1.17579
8.408	1.15595
8.41766	1.14269
8.42731	1.16004
8.43696	1.19994
8.44661	1.2036
8.45623	1.16161
8.46588	1.15795
8.47553	1.20632
8.48518	1.2155
8.49483	1.18663
8.50448	1.19151
8.51413	1.19174
8.52378	1.16127
8.53343	1.20528
8.54308	1.32186
8.55273	1.33041
8.56238	1.22901
8.57203	1.20586
8.58165	1.26337
8.5913	1.26744
8.60095	1.26296
8.6106	1.3194
8.62025	1.33586
8.6299	1.3
8.63955	1.32099
8.6492	1.33997
8.65885	1.25762
8.6685	1.22662
8.67815	1.32127
8.6878	1.31135
8.69745	1.15218
8.70707	1.12705
8.71672	1.24131
8.72638	1.19556
8.73603	1.03464
8.74568	1.03775
8.75533	1.13221
8.76498	1.08939
8.77463	0.988488
8.78428	0.963109
8.79393	0.918263
8.80358	0.839046
8.81323	0.865571
8.82288	0.943938
8.8325	0.917637
8.84215	0.848906
8.8518	0.841118
8.86145	0.833097
8.8711	0.808506
8.88075	0.83245
8.8904	0.854304
8.90005	0.825978
8.9097	0.84982
8.91935	0.934162
8.929	0.940235
8.93865	0.908126
8.94827	0.995326
8.95792	1.12403
8.96757	1.13532
8.97722	1.1218
8.98687	1.20629
8.99652	1.28437
9.00617	1.27391
9.01583	1.2695
9.02548	1.31465
9.03513	1.37278
9.04478	1.45288
9.05443	1.51037
9.06408	1.4457
9.0737	1.34589
9.08335	1.37492
9.093	1.46284
9.10265	1.44122
9.1123	1.38581
9.12195	1.42198
9.1316	1.45693
9.14125	1.41033
9.1509	1.3931
9.16055	1.44969
9.1702	1.46555
9.17985	1.41791
9.1895	1.41176
9.19912	1.44576
9.20877	1.42108
9.21842	1.34215
9.22807	1.31365
9.23772	1.34806
9.24737	1.3529
9.25702	1.29416
9.26667	1.24924
9.27632	1.25426
9.28597	1.21378
9.29562	1.0819
9.30528	0.991083
9.31493	1.03268
9.32454	1.08917
9.3342	1.04363
9.34385	0.962136
9.3535	0.922596
9.36315	0.913313
9.3728	0.926481
9.38245	0.947438
9.3921	0.913103
9.40175	0.851928
9.4114	0.868792
9.42105	0.915245
9.4307	0.870955
9.44035	0.819636
9.44997	0.881906
9.45962	0.950907
9.46927	0.929335
9.47892	0.929291
9.48857	0.989997
9.49822	0.986346
9.50787	0.929018
9.51752	0.961278
9.52717	1.04743
9.53682	1.07952
9.54647	1.11367
9.55612	1.19436
9.56577	1.22426
9.57539	1.19475
9.58504	1.2139
9.59469	1.28715
9.60434	1.35707
9.61399	1.42371
9.62365	1.44539
9.6333	1.3975
9.64295	1.42197
9.6526	1.57927
9.66225	1.65678
9.6719	1.5823
9.68155	1.59852
9.6912	1.74974
9.70082	1.77879
9.71047	1.67474
9.72012	1.67984
9.72977	1.7657
9.73942	1.75309
9.74907	1.7377
9.75872	1.8195
9.76837	1.84172
9.77802	1.75511
9.78767	1.72906
9.79732	1.74874
9.80697	1.67955
9.81662	1.6276
9.82624	1.69487
9.83589	1.70484
9.84554	1.57789
9.85519	1.51676
9.86484	1.55831
9.87449	1.54262
9.88414	1.50018
9.89379	1.53987
9.90344	1.54051
9.9131	1.42568
9.92275	1.38311
9.9324	1.4739
9.94205	1.49578
9.95167	1.40848
9.96132	1.40651
9.97097	1.50958
9.98062	1.55764
9.99027	1.50863
9.99992	1.44715
10.0096	1.42379
10.0192	1.44479
10.0289	1.47475
10.0385	1.45717
10.0482	1.42663
10.0578	1.45225
10.0675	1.47031
10.0771	1.40827
10.0867	1.36873
10.0964	1.44096
10.106	1.51181
10.1157	1.48524
10.1253	1.45002
10.135	1.46733
10.1446	1.48465
10.1543	1.50551
10.1639	1.57291
10.1736	1.63175
10.1832	1.62796
10.1929	1.61892
10.2025	1.64695
10.2122	1.66284
10.2218	1.62723
10.2315	1.57455
10.2411	1.55226
10.2508	1.57904
10.2604	1.6187
10.2701	1.59917
10.2797	1.51753
10.2894	1.45976
10.299	1.46685
10.3087	1.48594
10.3183	1.472
10.3279	1.43438
10.3376	1.40748
10.3472	1.40885
10.3569	1.39961
10.3665	1.34408
10.3762	1.32496
10.3858	1.41396
10.3955	1.47682
10.4051	1.37896
10.4148	1.27513
10.4244	1.32234
10.4341	1.37363
10.4437	1.28819
10.4534	1.23674
10.463	1.31014
10.4727	1.33738
10.4823	1.28248
10.492	1.29558
10.5016	1.32957
10.5113	1.2439
10.5209	1.16877
10.5306	1.23862
10.5402	1.29745
10.5499	1.21594
10.5595	1.13651
10.5691	1.12756
10.5788	1.10142
10.5884	1.08075
10.5981	1.11138
10.6077	1.09498
10.6174	1.01891
10.627	1.00947
10.6367	1.02323
10.6463	0.941053
10.656	0.890322
10.6656	0.997735
10.6753	1.08425
10.6849	1.02693
10.6946	1.00045
10.7042	1.08277
10.7139	1.12377
10.7235	1.08897
10.7332	1.07998
10.7428	1.0863
10.7525	1.08745
10.7621	1.13831
10.7718	1.16447
10.7814	1.06203
10.7911	0.976237
10.8007	1.02928
10.8104	1.06615
10.82	0.995469
10.8296	0.971176
10.8393	0.999652
10.8489	0.917153
10.8586	0.82574
10.8682	0.90813
10.8779	1.01664
10.8875	0.973575
10.8972	0.965421
10.9068	1.09556
10.9165	1.15512
10.9261	1.07994
10.9358	1.09607
10.9454	1.23525
10.9551	1.29656
10.9647	1.27453
10.9744	1.31367
10.984	1.39546
10.9937	1.43273
