0 1
0 11
1 2
1 12
2 3
2 13
3 4
3 14
4 5
4 15
5 6
5 16
6 7
6 17
7 8
7 18
8 9
8 19
9 10
9 20
0 10
10 21
11 12
11 22
12 13
12 23
13 14
13 24
14 15
14 25
15 16
15 26
16 17
16 27
17 18
17 28
18 19
18 29
19 20
19 30
20 21
20 31
11 21
21 32
22 23
22 33
23 24
23 34
24 25
24 35
25 26
25 36
26 27
26 37
27 28
27 38
28 29
28 39
29 30
29 40
30 31
30 41
31 32
31 42
22 32
32 43
33 34
33 44
34 35
34 45
35 36
35 46
36 37
36 47
37 38
37 48
38 39
38 49
39 40
39 50
40 41
40 51
41 42
41 52
42 43
42 53
33 43
43 54
44 45
44 55
45 46
45 56
46 47
46 57
47 48
47 58
48 49
48 59
49 50
49 60
50 51
50 61
51 52
51 62
52 53
52 63
53 54
53 64
44 54
54 65
55 56
0 55
56 57
1 56
57 58
2 57
58 59
3 58
59 60
4 59
60 61
5 60
61 62
6 61
62 63
7 62
63 64
8 63
64 65
9 64
55 65
10 65
